customerID,loanId,appilcationDate,LoanNumber,LoanAmount,InterestRate,TermDays,repaymentDueDate,repaymentPaidDate
839247458,302953235622,2018-12-21,1,7500.0,30.0,30,2019-01-20,2019-01-16
217540860,302960101337,2018-12-23,1,7500.0,30.0,30,2019-01-22,2018-12-29
522238092,303016988846,2019-01-08,1,7500.0,30.0,30,2019-02-07,2019-01-08
096754469,302999605504,2019-01-04,1,7500.0,30.0,30,2019-02-03,2019-01-08
410354345,302951945878,2018-12-21,1,7500.0,30.0,30,2019-01-20,2019-01-17
027610141,302955854172,2018-12-22,6,45000.0,10.0,90,2019-03-21,2019-01-09
390748423,302941689535,2018-12-19,4,90000.0,5.0,180,2019-06-18,2019-01-15
642947351,302945727970,2018-12-19,3,45000.0,10.0,90,2019-03-19,2019-01-16
227382168,302953081988,2018-12-21,4,45000.0,10.0,90,2019-03-20,2019-01-16
380684555,302997991362,2019-01-03,4,30000.0,10.0,90,2019-04-02,2019-01-11
538656471,302906015723,2018-12-10,1,13500.0,18.0,45,2019-01-24,2019-01-07
067501201,302955909012,2018-12-22,4,19000.0,15.0,60,2019-02-21,2019-01-14
779403451,302941503245,2018-12-19,4,59500.0,7.5,180,2019-06-18,2019-01-16
706745423,302942096687,2018-12-19,1,32000.0,7.5,180,2019-06-18,2019-01-04
175032099,302948765318,2018-12-20,1,8000.0,36.0,45,2019-02-03,2018-12-23
756846529,302943137882,2018-12-19,7,16000.0,20.0,60,2019-02-18,2018-12-21
910833430,302985391002,2018-12-31,1,40500.0,12.0,120,2019-04-30,2019-01-04
789366247,302966696659,2018-12-25,7,9500.0,20.0,30,2019-01-24,2018-12-30
946771596,302919159103,2018-12-12,1,11000.0,27.0,45,2019-01-26,2018-12-15
363467351,302977645174,2018-12-28,1,11000.0,27.0,45,2019-02-11,2019-01-08
380721416,302935257840,2018-12-17,2,11000.0,27.0,45,2019-01-31,2019-01-06
476331961,302987067485,2018-12-31,1,11000.0,27.0,45,2019-02-14,2019-01-10
098589528,302933833928,2018-12-16,1,11000.0,27.0,45,2019-01-31,2018-12-19
063431769,302918179987,2018-12-12,1,11000.0,27.0,45,2019-01-26,2018-12-28
021449557,302982821720,2018-12-30,1,11000.0,27.0,45,2019-02-13,2019-01-07
826509061,302945064516,2018-12-19,1,11000.0,27.0,45,2019-02-02,2019-01-09
153423083,303028288661,2019-01-10,1,11000.0,27.0,45,2019-02-24,2019-01-10
369040052,302980904801,2018-12-29,1,11000.0,27.0,45,2019-02-12,2019-01-10
301885486,302990564127,2019-01-01,2,11000.0,27.0,45,2019-02-15,2019-01-04
134429368,302929098418,2018-12-15,1,11000.0,27.0,45,2019-01-29,2019-01-03
704636732,302987659238,2018-12-31,1,11000.0,27.0,45,2019-02-14,2019-01-10
695952615,302924814341,2018-12-14,1,11000.0,27.0,45,2019-01-28,2019-01-16
769336627,302961393633,2018-12-24,1,11000.0,27.0,45,2019-02-07,2019-01-15
635877349,302952010169,2018-12-21,1,11000.0,27.0,45,2019-02-04,2019-01-14
931044720,302939817465,2018-12-18,1,11000.0,27.0,45,2019-02-01,2019-01-14
022592236,302943908941,2018-12-19,1,11000.0,27.0,45,2019-02-02,2018-12-24
040007463,302931926095,2018-12-16,1,11000.0,27.0,45,2019-01-30,2018-12-22
162160911,302946215470,2018-12-20,1,11000.0,27.0,45,2019-02-03,2019-01-02
940783684,302930790781,2018-12-15,1,11000.0,27.0,45,2019-01-29,2019-01-12
937397087,302921007499,2018-12-13,1,11000.0,27.0,45,2019-01-27,2019-01-16
545358839,302984759273,2018-12-31,1,11000.0,27.0,45,2019-02-14,2019-01-11
812336627,302943840259,2018-12-19,1,11000.0,27.0,45,2019-02-02,2018-12-24
461816834,302957599921,2018-12-22,1,11000.0,27.0,45,2019-02-05,2019-01-13
759510502,302968168829,2018-12-26,1,11000.0,27.0,45,2019-02-09,2019-01-14
156649529,302918487263,2018-12-12,1,11000.0,27.0,45,2019-01-26,2019-01-17
226927764,302941141905,2018-12-18,1,15000.0,18.0,45,2019-02-01,2019-01-15
060618946,302965958049,2018-12-25,1,15000.0,18.0,45,2019-02-08,2019-01-04
108707573,302957873911,2018-12-23,1,15000.0,18.0,45,2019-02-06,2019-01-05
730490580,302955045934,2018-12-22,1,15000.0,18.0,45,2019-02-05,2018-12-23
733776995,302944273002,2018-12-19,2,18500.0,20.0,60,2019-02-18,2019-01-16
072761825,302980080738,2018-12-29,3,12500.0,20.0,30,2019-01-28,2019-01-17
794766162,303003621489,2019-01-04,3,12500.0,20.0,30,2019-02-03,2019-01-15
193319710,302953670147,2018-12-21,6,12500.0,20.0,30,2019-01-20,2018-12-24
307819843,302947707022,2018-12-20,3,12500.0,20.0,30,2019-01-19,2019-01-17
200263974,302975338905,2018-12-28,3,12500.0,20.0,30,2019-01-27,2019-01-09
569563950,302973301396,2018-12-27,3,12500.0,20.0,30,2019-01-26,2019-01-10
186677489,302946046703,2018-12-20,2,12500.0,20.0,30,2019-01-19,2019-01-16
403325960,302995758493,2019-01-03,3,12500.0,20.0,30,2019-02-02,2019-01-07
290362283,302941752483,2018-12-19,2,12500.0,20.0,30,2019-01-18,2018-12-21
423423880,302961774104,2018-12-24,7,20000.0,10.0,90,2019-03-23,2019-01-11
295216252,302984200585,2018-12-30,1,40500.0,12.0,120,2019-04-30,2019-01-04
188795955,302946032869,2018-12-20,2,30000.0,12.5,60,2019-02-19,2019-01-09
727837791,303024393054,2019-01-09,1,4000.0,30.0,30,2019-02-08,2019-01-11
145235052,303011552100,2019-01-06,4,8000.0,30.0,30,2019-02-05,2019-01-10
649576465,302966059977,2018-12-25,3,20000.0,20.0,60,2019-02-24,2019-01-08
957474880,302941611556,2018-12-19,3,20000.0,20.0,60,2019-02-18,2019-01-15
537580961,302956396370,2018-12-22,8,20000.0,20.0,60,2019-02-21,2019-01-17
119364125,302944804697,2018-12-19,2,20000.0,20.0,60,2019-02-18,2018-12-24
318590971,302971952131,2018-12-27,2,20000.0,20.0,60,2019-02-26,2019-01-15
263540349,302946916723,2018-12-20,2,20000.0,20.0,60,2019-02-19,2019-01-11
906107584,302959679274,2018-12-23,2,20000.0,20.0,60,2019-02-22,2019-01-14
867496972,303017276507,2019-01-08,2,20000.0,20.0,60,2019-03-07,2019-01-15
455212344,302960799924,2018-12-24,2,20000.0,20.0,60,2019-02-23,2018-12-28
958579308,303004539481,2019-01-04,2,20000.0,20.0,60,2019-03-03,2019-01-15
281227350,302945265296,2018-12-19,3,20000.0,20.0,60,2019-02-18,2019-01-15
084724483,303005246542,2019-01-05,2,20000.0,20.0,60,2019-03-04,2019-01-14
642676140,302918820902,2018-12-12,1,7000.0,27.0,45,2019-01-26,2018-12-24
214370444,302915594306,2018-12-12,1,7000.0,27.0,45,2019-01-26,2018-12-23
346380366,302930196386,2018-12-15,1,7000.0,27.0,45,2019-01-29,2019-01-17
835006351,302919966892,2018-12-13,1,7000.0,27.0,45,2019-01-27,2019-01-13
352015539,302963500984,2018-12-24,1,7000.0,27.0,45,2019-02-07,2019-01-15
909250151,303043353424,2019-01-15,3,5000.0,30.0,30,2019-02-14,2019-01-17
251292580,303026679722,2019-01-10,1,5000.0,30.0,30,2019-02-09,2019-01-13
070384745,302966588294,2018-12-25,1,10000.0,30.0,30,2019-01-24,2019-01-05
018430169,302964959945,2018-12-25,4,20000.0,15.0,60,2019-02-24,2019-01-11
417120772,302944542534,2018-12-19,18,30000.0,10.0,90,2019-03-18,2019-01-17
916630700,302954637999,2018-12-22,1,10000.0,30.0,30,2019-01-21,2019-01-06
640388539,302953969474,2018-12-21,1,10000.0,30.0,30,2019-01-20,2018-12-27
926353051,302986492755,2018-12-31,1,10000.0,30.0,30,2019-01-30,2019-01-12
779437911,302948027240,2018-12-20,1,10000.0,30.0,30,2019-01-19,2019-01-13
584254634,302998588290,2019-01-03,1,10000.0,30.0,30,2019-02-02,2019-01-11
561577441,302964472311,2018-12-24,1,10000.0,30.0,30,2019-01-23,2019-01-15
290120121,302942188996,2018-12-19,1,10000.0,30.0,30,2019-01-18,2019-01-15
677671086,302957458252,2018-12-22,3,10000.0,30.0,30,2019-01-21,2019-01-05
131274940,302944576397,2018-12-19,2,10000.0,30.0,30,2019-01-18,2019-01-09
254782785,303012724937,2019-01-07,2,10000.0,30.0,30,2019-02-06,2019-01-14
319084996,302959001659,2018-12-23,3,20000.0,15.0,60,2019-02-22,2019-01-16
422110109,302951040334,2018-12-21,2,10000.0,30.0,30,2019-01-20,2019-01-07
321548764,302971943967,2018-12-27,2,10000.0,30.0,30,2019-01-26,2019-01-04
625388830,302991732270,2019-01-02,2,10000.0,30.0,30,2019-02-01,2019-01-16
344366145,302944152649,2018-12-19,1,10000.0,30.0,30,2019-01-18,2018-12-24
050592939,302951458269,2018-12-21,2,10000.0,30.0,30,2019-01-20,2018-12-30
081878017,302972323543,2018-12-27,1,10000.0,30.0,30,2019-01-26,2019-01-14
354429842,302951039491,2018-12-21,1,10000.0,30.0,30,2019-01-20,2019-01-13
648942156,302944453792,2018-12-19,1,10000.0,30.0,30,2019-01-18,2019-01-15
806081871,302970253908,2018-12-27,7,10000.0,30.0,30,2019-01-26,2019-01-03
661195670,302994278487,2019-01-02,3,20000.0,15.0,60,2019-03-01,2019-01-16
166058507,302912715431,2018-12-11,1,10000.0,19.8,45,2019-01-25,2018-12-12
776397123,302963292676,2018-12-24,3,12000.0,20.0,60,2019-02-23,2018-12-26
811563814,302980414056,2018-12-29,5,7000.0,20.0,30,2019-01-28,2018-12-29
995292034,302965856045,2018-12-25,7,7000.0,20.0,30,2019-01-24,2019-01-02
496961867,302967087990,2018-12-25,6,7000.0,20.0,30,2019-01-24,2019-01-14
391695557,303038759402,2019-01-13,6,7000.0,20.0,30,2019-02-12,2019-01-14
401635385,302975768667,2018-12-28,7,7000.0,20.0,30,2019-01-27,2019-01-15
990270292,302980858606,2018-12-29,3,7000.0,20.0,30,2019-01-28,2019-01-04
854297585,302970899004,2018-12-27,6,30000.0,7.5,90,2019-03-26,2019-01-15
147167048,303012349157,2019-01-07,3,30000.0,12.5,60,2019-03-06,2019-01-12
949432867,302955054272,2018-12-22,24,83000.0,10.0,60,2019-02-21,2019-01-15
332107062,303008208534,2019-01-05,3,10000.0,20.0,30,2019-02-04,2019-01-14
547605847,302971481648,2018-12-27,2,10000.0,20.0,30,2019-01-26,2018-12-28
701138556,302952009970,2018-12-21,3,10000.0,20.0,30,2019-01-20,2018-12-27
747647878,302965636524,2018-12-25,3,10000.0,20.0,30,2019-01-24,2018-12-31
097535574,303022259381,2019-01-09,5,40000.0,10.0,60,2019-03-08,2019-01-17
181540554,302997798793,2019-01-03,5,3500.0,15.0,15,2019-01-18,2019-01-15
576922217,302997697614,2019-01-03,1,7000.0,15.0,15,2019-01-18,2019-01-11
861534190,302986766164,2018-12-31,13,7000.0,15.0,30,2019-01-30,2019-01-17
227290357,303002126783,2019-01-04,1,7000.0,15.0,15,2019-01-19,2019-01-09
133444346,303021954788,2019-01-09,4,7000.0,15.0,15,2019-01-24,2019-01-11
668930493,302963156703,2018-12-24,6,14000.0,15.0,30,2019-01-23,2018-12-24
460287568,302948342805,2018-12-20,1,10000.0,20.1,30,2019-01-19,2019-01-17
672209505,302995279959,2019-01-03,3,10000.0,15.0,15,2019-01-18,2019-01-11
715171135,302998892724,2019-01-03,2,10000.0,15.0,15,2019-01-18,2019-01-17
688797331,302952264665,2018-12-21,7,26500.0,10.0,90,2019-03-20,2019-01-13
484774356,302943412009,2018-12-19,3,10000.0,15.0,30,2019-01-18,2018-12-26
720838133,303003596162,2019-01-04,1,10000.0,15.0,15,2019-01-19,2019-01-14
595528374,303037122257,2019-01-13,1,10000.0,15.0,15,2019-01-28,2019-01-17
793634840,303000542007,2019-01-04,12,10000.0,15.0,15,2019-01-19,2019-01-06
082245705,302971229269,2018-12-27,7,10000.0,15.0,30,2019-01-26,2019-01-11
161632181,302997537692,2019-01-03,4,10000.0,15.0,15,2019-01-18,2019-01-06
022717537,302986056338,2018-12-31,8,10000.0,15.0,30,2019-01-30,2019-01-01
019523239,303001478744,2019-01-04,1,10000.0,15.0,15,2019-01-19,2019-01-17
822390534,303018848988,2019-01-08,1,10000.0,15.0,15,2019-01-23,2019-01-16
883996485,303032162614,2019-01-11,1,3000.0,30.0,30,2019-02-10,2019-01-15
970677277,303042079945,2019-01-14,1,3000.0,30.0,30,2019-02-13,2019-01-16
378980845,303042047576,2019-01-14,1,3000.0,30.0,30,2019-02-13,2019-01-15
417069224,303036253906,2019-01-13,1,3000.0,30.0,30,2019-02-12,2019-01-15
434522807,303021046415,2019-01-09,1,3000.0,30.0,30,2019-02-08,2019-01-11
296350216,303013631268,2019-01-07,1,3000.0,30.0,30,2019-02-06,2019-01-11
408359459,303004278957,2019-01-04,7,24000.0,15.0,60,2019-03-03,2019-01-11
134255479,303003759007,2019-01-04,1,12000.0,15.0,60,2019-03-03,2019-01-08
677904715,302956557033,2018-12-22,6,13000.0,20.0,30,2019-01-21,2018-12-26
768252741,302989481707,2019-01-01,5,13000.0,20.0,30,2019-01-31,2019-01-10
407771100,302958234875,2018-12-23,20,48000.0,15.0,60,2019-02-22,2019-01-15
645717943,302950926867,2018-12-21,3,15000.0,20.0,60,2019-02-20,2019-01-16
605986758,303016545435,2019-01-08,3,44500.0,5.0,180,2019-07-07,2019-01-11
014359574,302942244284,2018-12-19,3,16000.0,12.5,60,2019-02-18,2019-01-17
027395171,PP2946169406,2018-12-20,1,50000.0,6.0,90,2019-03-19,2018-12-25
659614068,302951533171,2018-12-21,5,49500.0,7.5,180,2019-06-20,2019-01-05
130582517,302974210741,2018-12-28,5,20000.0,12.5,90,2019-03-27,2018-12-29
163381010,302992187979,2019-01-02,4,32000.0,12.5,60,2019-03-01,2019-01-04
223606592,303007371759,2019-01-05,6,34500.0,12.5,90,2019-04-04,2019-01-11
525678519,303051344211,2019-01-16,2,5000.0,36.0,45,2019-03-02,2019-01-16
306448020,302948992799,2018-12-20,1,10000.0,36.0,45,2019-02-03,2018-12-24
338743564,302985978297,2018-12-31,1,10000.0,36.0,45,2019-02-14,2019-01-05
877725281,302985667532,2018-12-31,1,10000.0,36.0,45,2019-02-14,2019-01-16
974145900,302932755353,2018-12-16,1,10000.0,36.0,45,2019-01-30,2018-12-24
703939569,302955709115,2018-12-22,1,10000.0,36.0,45,2019-02-05,2019-01-07
106231838,302929071740,2018-12-15,1,10000.0,36.0,45,2019-01-29,2018-12-20
482349166,302944541879,2018-12-19,1,10000.0,36.0,45,2019-02-02,2019-01-11
831501996,302927686350,2018-12-14,1,10000.0,36.0,45,2019-01-28,2019-01-14
173242934,302956647067,2018-12-22,1,10000.0,36.0,45,2019-02-05,2019-01-17
485631936,303034414765,2019-01-12,1,10000.0,36.0,45,2019-02-26,2019-01-16
414875904,302985388890,2018-12-31,1,10000.0,36.0,45,2019-02-14,2019-01-03
922297391,303027791625,2019-01-10,1,10000.0,36.0,45,2019-02-24,2019-01-11
865199829,302926259218,2018-12-14,1,10000.0,36.0,45,2019-01-28,2018-12-28
041278018,302951601818,2018-12-21,1,10000.0,36.0,45,2019-02-04,2018-12-28
312081117,302966215745,2018-12-25,1,10000.0,36.0,45,2019-02-08,2018-12-28
856309722,302918012647,2018-12-12,1,10000.0,36.0,45,2019-01-26,2019-01-03
289931975,302926601256,2018-12-14,1,10000.0,36.0,45,2019-01-28,2019-01-10
020230294,302922102533,2018-12-13,1,10000.0,36.0,45,2019-01-27,2019-01-08
068717588,302962380918,2018-12-24,12,7500.0,20.0,30,2019-01-23,2019-01-16
741491337,302955971126,2018-12-22,5,33000.0,12.5,90,2019-03-21,2019-01-12
061340158,302962530465,2018-12-24,2,30000.0,10.0,60,2019-02-23,2019-01-08
630284783,302972469259,2018-12-27,4,30000.0,10.0,60,2019-02-26,2019-01-08
980496924,302960218713,2018-12-23,4,30000.0,10.0,60,2019-02-22,2019-01-02
679771050,302990665089,2019-01-01,3,30000.0,10.0,60,2019-02-28,2019-01-17
811187399,303024753824,2019-01-10,2,30000.0,10.0,60,2019-03-09,2019-01-12
336652624,302994887867,2019-01-02,5,17000.0,15.0,60,2019-03-02,2019-01-05
509179217,PP2974226046,2018-12-28,2,25500.0,6.0,90,2019-03-27,2019-01-06
649648748,302941313650,2018-12-18,1,7000.0,36.0,45,2019-02-01,2018-12-18
616511010,302948276436,2018-12-20,3,10500.0,20.0,30,2019-01-19,2019-01-15
737467943,302950487636,2018-12-21,1,30000.0,12.0,120,2019-04-20,2019-01-15
328354884,303002272760,2019-01-04,1,11000.0,15.0,15,2019-01-19,2019-01-16
198578303,302964929715,2018-12-25,3,25000.0,15.0,60,2019-02-24,2019-01-07
215022887,302942751460,2018-12-19,3,25000.0,15.0,60,2019-02-18,2019-01-15
177536254,302959738672,2018-12-23,3,25000.0,15.0,60,2019-02-22,2018-12-31
598198156,302990121366,2019-01-01,3,25000.0,15.0,60,2019-02-28,2019-01-05
936409283,302984640690,2018-12-31,4,25000.0,15.0,60,2019-02-28,2019-01-11
543523984,302966906735,2018-12-25,3,25000.0,15.0,60,2019-02-24,2019-01-08
261685411,302956044263,2018-12-22,5,150000.0,5.0,180,2019-06-21,2019-01-16
906599572,302942264217,2018-12-19,10,100000.0,5.0,180,2019-06-18,2019-01-10
530073424,302962521615,2018-12-24,3,7000.0,12.5,30,2019-01-23,2018-12-29
295549944,302949837104,2018-12-20,1,7000.0,30.0,30,2019-01-19,2018-12-29
758557738,302963817158,2018-12-24,4,56000.0,5.0,180,2019-06-23,2019-01-10
800489714,302962436131,2018-12-24,4,45000.0,10.0,90,2019-03-23,2019-01-16
184038584,302910269862,2018-12-11,1,10000.0,27.0,45,2019-01-25,2018-12-12
034723065,302942895073,2018-12-19,1,10000.0,27.0,45,2019-02-02,2018-12-20
891480762,302964968621,2018-12-25,1,10000.0,27.0,45,2019-02-08,2019-01-15
453703877,302905895238,2018-12-10,1,10000.0,27.0,45,2019-01-24,2018-12-14
132358584,302908074471,2018-12-10,1,10000.0,27.0,45,2019-01-24,2019-01-14
036932800,302972432686,2018-12-27,1,10000.0,27.0,45,2019-02-10,2019-01-13
019635549,302917664470,2018-12-12,1,10000.0,27.0,45,2019-01-26,2019-01-03
368195153,302913584188,2018-12-11,1,10000.0,27.0,45,2019-01-25,2018-12-18
602866956,302905080538,2018-12-10,1,10000.0,27.0,45,2019-01-24,2019-01-05
388018898,302964582236,2018-12-25,1,10000.0,27.0,45,2019-02-08,2018-12-30
224537432,302965518399,2018-12-25,14,61000.0,7.5,180,2019-06-24,2019-01-09
208599886,302980534437,2018-12-29,11,29000.0,20.0,60,2019-02-28,2019-01-09
779876788,302941745484,2018-12-19,11,18000.0,15.0,60,2019-02-18,2018-12-28
950972965,302981881135,2018-12-30,4,30000.0,12.5,90,2019-03-29,2019-01-17
205562758,302963308813,2018-12-24,2,30000.0,12.5,90,2019-03-23,2019-01-11
507499474,302943388045,2018-12-19,4,22000.0,12.5,60,2019-02-18,2019-01-17
398912118,302985632280,2018-12-31,4,30000.0,12.5,90,2019-03-30,2019-01-09
299340420,302969727919,2018-12-26,4,22000.0,15.0,60,2019-02-25,2019-01-15
384319885,302913031588,2018-12-11,1,9000.0,36.0,45,2019-01-25,2018-12-26
480020599,302913790959,2018-12-11,1,9000.0,36.0,45,2019-01-25,2019-01-10
809955622,302915342136,2018-12-12,1,9000.0,36.0,45,2019-01-26,2019-01-09
082418937,302983395636,2018-12-30,1,40000.0,12.0,120,2019-04-29,2019-01-17
862529106,303042290592,2019-01-14,3,18000.0,36.0,45,2019-02-28,2019-01-15
116521381,303031771400,2019-01-11,2,18000.0,36.0,45,2019-02-25,2019-01-16
804242944,302944687999,2018-12-19,5,8500.0,20.0,30,2019-01-18,2019-01-02
674284310,302949028176,2018-12-20,1,30000.0,9.0,120,2019-04-19,2018-12-23
407415399,302986284868,2018-12-31,26,34000.0,10.0,60,2019-02-28,2019-01-12
105408921,302953351310,2018-12-21,4,60000.0,7.5,90,2019-03-20,2019-01-17
478116134,302986850459,2018-12-31,6,66000.0,5.0,180,2019-06-30,2019-01-03
844074311,302948849199,2018-12-20,8,22000.0,15.0,60,2019-02-19,2019-01-16
150910550,302954940673,2018-12-22,2,22000.0,15.0,60,2019-02-21,2019-01-03
218427265,302948369620,2018-12-20,2,22000.0,15.0,60,2019-02-19,2019-01-15
910404278,302972353401,2018-12-27,3,22000.0,15.0,60,2019-02-26,2019-01-13
863358949,302947468054,2018-12-20,2,22000.0,15.0,60,2019-02-19,2018-12-22
350140551,302971743560,2018-12-27,2,22000.0,15.0,60,2019-02-26,2019-01-17
690719300,302962523923,2018-12-24,2,22000.0,15.0,60,2019-02-23,2019-01-11
379664155,302990031916,2019-01-01,2,22000.0,15.0,60,2019-02-28,2019-01-17
766720830,302981980183,2018-12-30,2,22000.0,15.0,60,2019-02-28,2019-01-14
949476279,302971022019,2018-12-27,2,22000.0,15.0,60,2019-02-26,2018-12-28
261127873,303053252822,2019-01-16,3,1500.0,15.0,15,2019-01-31,2019-01-16
668537292,303052383846,2019-01-16,1,1500.0,15.0,15,2019-01-31,2019-01-17
205732484,303051518868,2019-01-16,3,1500.0,15.0,15,2019-01-31,2019-01-16
398915765,303033449256,2019-01-12,1,3000.0,15.0,15,2019-01-27,2019-01-12
119992550,303049435581,2019-01-15,2,3000.0,15.0,15,2019-01-30,2019-01-17
540480049,303041773104,2019-01-14,2,3000.0,15.0,15,2019-01-29,2019-01-15
093302124,303052277037,2019-01-16,2,3000.0,15.0,15,2019-01-31,2019-01-17
639945193,303050065158,2019-01-15,2,3000.0,15.0,15,2019-01-30,2019-01-16
251240059,303017206278,2019-01-08,1,3000.0,15.0,15,2019-01-23,2019-01-13
347322052,303025495880,2019-01-10,1,3000.0,15.0,15,2019-01-25,2019-01-10
299189128,303028242264,2019-01-10,1,3000.0,15.0,15,2019-01-25,2019-01-14
806049100,303041229350,2019-01-14,2,3000.0,15.0,15,2019-01-29,2019-01-16
028172409,303043222083,2019-01-14,2,3000.0,15.0,15,2019-01-30,2019-01-16
848058684,303044730372,2019-01-15,2,3000.0,15.0,15,2019-01-30,2019-01-17
330339394,302999440248,2019-01-04,5,12000.0,15.0,30,2019-02-03,2019-01-11
756434895,303050075054,2019-01-15,1,2000.0,15.0,15,2019-01-30,2019-01-17
887089982,303019386533,2019-01-08,1,4000.0,15.0,15,2019-01-23,2019-01-16
089568666,303029338115,2019-01-11,7,4000.0,15.0,15,2019-01-26,2019-01-12
839538130,303003949449,2019-01-04,6,4000.0,15.0,15,2019-01-19,2019-01-16
831244758,302967040920,2018-12-25,3,16000.0,15.0,30,2019-01-24,2019-01-17
883846343,302965507362,2018-12-25,17,10000.0,12.5,30,2019-01-24,2018-12-25
986396048,303046596157,2019-01-15,9,10000.0,12.5,30,2019-02-14,2019-01-15
159789592,302969832910,2018-12-26,2,20000.0,12.5,30,2019-01-25,2019-01-04
087890191,302960198249,2018-12-23,1,10000.0,12.6,30,2019-01-22,2018-12-23
994299516,302951661230,2018-12-21,2,144000.0,7.5,180,2019-06-20,2019-01-14
597962950,302989336359,2019-01-01,4,48000.0,7.5,180,2019-06-30,2019-01-14
506446040,303007174745,2019-01-05,5,28500.0,12.5,60,2019-03-04,2019-01-09
462977643,302954693293,2018-12-22,4,30000.0,12.5,90,2019-03-21,2018-12-26
219872482,302947651089,2018-12-20,1,18500.0,20.1,60,2019-02-19,2019-01-16
252182066,302986219733,2018-12-31,1,18500.0,20.1,60,2019-02-28,2019-01-17
734843109,303005903881,2019-01-05,1,21000.0,9.9,90,2019-04-04,2019-01-09
499502826,302966376363,2018-12-25,5,14500.0,12.5,60,2019-02-24,2018-12-29
651826372,302969621982,2018-12-26,4,34500.0,12.5,90,2019-03-25,2018-12-27
576015623,302959219501,2018-12-23,4,37500.0,12.5,90,2019-03-22,2019-01-15
274516838,302982638060,2018-12-30,6,37500.0,12.5,90,2019-03-29,2019-01-04
720183453,302962920350,2018-12-24,8,59000.0,12.5,90,2019-03-23,2019-01-08
776776360,PP2951155075,2018-12-21,6,62500.0,6.0,90,2019-03-20,2019-01-08
214980746,302949209220,2018-12-20,3,20500.0,15.0,60,2019-02-19,2019-01-12
668181902,302946851915,2018-12-20,2,23000.0,12.5,60,2019-02-19,2018-12-31
791833451,303000707258,2019-01-04,2,23000.0,12.5,60,2019-03-03,2019-01-04
580559296,302944213741,2018-12-19,2,23000.0,12.5,60,2019-02-18,2019-01-16
996484488,302944030934,2018-12-19,2,23000.0,12.5,60,2019-02-18,2019-01-04
503933726,302948971105,2018-12-20,2,23000.0,12.5,60,2019-02-19,2019-01-11
656701354,302962318293,2018-12-24,7,36000.0,12.5,90,2019-03-23,2018-12-28
270655037,302941770088,2018-12-19,4,45000.0,7.5,180,2019-06-18,2019-01-14
975693274,302991383982,2019-01-02,1,40500.0,12.0,120,2019-05-02,2019-01-03
053069742,303021415601,2019-01-09,1,40500.0,12.0,120,2019-05-08,2019-01-09
398717226,302999824068,2019-01-04,1,40500.0,12.0,120,2019-05-03,2019-01-04
888520010,302958616201,2018-12-23,2,30000.0,12.5,60,2019-02-22,2019-01-11
210293202,302989099820,2019-01-01,5,30000.0,12.5,60,2019-02-28,2019-01-11
234846952,302952511627,2018-12-21,2,22000.0,7.5,90,2019-03-20,2018-12-27
560137064,302962698064,2018-12-24,8,9500.0,15.0,30,2019-01-23,2019-01-16
491729006,302997558528,2019-01-03,7,9500.0,15.0,30,2019-02-02,2019-01-15
833657567,302979093769,2018-12-29,2,25000.0,15.0,60,2019-02-28,2018-12-29
230082370,302946479870,2018-12-20,12,14500.0,15.0,60,2019-02-19,2019-01-16
999996261,302979996207,2018-12-29,3,14500.0,15.0,60,2019-02-28,2019-01-11
248270781,302966515561,2018-12-25,4,14500.0,15.0,60,2019-02-24,2019-01-16
587751420,302955762895,2018-12-22,2,14500.0,15.0,60,2019-02-21,2019-01-04
650949033,302961705620,2018-12-24,1,7000.0,20.1,30,2019-01-23,2019-01-10
583762681,302950897904,2018-12-21,2,7000.0,20.1,30,2019-01-20,2018-12-30
247393684,302947058120,2018-12-20,1,7000.0,20.1,30,2019-01-19,2018-12-27
776053836,303016594017,2019-01-08,2,15000.0,12.6,30,2019-02-07,2019-01-10
349765210,302973534964,2018-12-27,1,15000.0,12.6,30,2019-01-26,2019-01-10
634314287,302958213262,2018-12-23,2,15000.0,12.6,30,2019-01-22,2019-01-11
597962950,302953957399,2018-12-21,3,22000.0,12.5,90,2019-03-20,2019-01-01
097406230,303019879787,2019-01-08,4,45000.0,10.0,90,2019-04-07,2019-01-10
880573892,302941517464,2018-12-19,4,45000.0,10.0,90,2019-03-18,2019-01-16
580159581,303033845486,2019-01-12,2,10500.0,15.0,15,2019-01-27,2019-01-12
132915741,302943406302,2018-12-19,6,39500.0,10.0,90,2019-03-18,2019-01-07
965021101,302960056360,2018-12-23,1,11000.0,20.1,30,2019-01-22,2018-12-29
640671445,302993167103,2019-01-02,1,11000.0,20.1,30,2019-02-01,2019-01-17
940922740,302967065632,2018-12-25,1,11000.0,20.1,30,2019-01-24,2019-01-04
643625688,302954929931,2018-12-22,1,11000.0,20.1,30,2019-01-21,2019-01-10
518534979,302980186805,2018-12-29,1,11000.0,20.1,30,2019-01-28,2019-01-11
765326290,303002732880,2019-01-04,1,11000.0,20.1,30,2019-02-03,2019-01-08
810850343,303007566214,2019-01-05,1,11000.0,20.1,30,2019-02-04,2019-01-16
380878564,302970898174,2018-12-27,1,11000.0,20.1,30,2019-01-26,2019-01-15
712195266,302968394730,2018-12-26,3,11000.0,20.1,30,2019-01-25,2019-01-16
667955858,302955379055,2018-12-22,1,11000.0,20.1,30,2019-01-21,2019-01-02
259405196,302955856060,2018-12-22,1,11000.0,20.1,30,2019-01-21,2019-01-11
864875725,303019548646,2019-01-08,1,11000.0,20.1,30,2019-02-07,2019-01-15
518233685,302943636025,2018-12-19,1,11000.0,20.1,30,2019-01-18,2019-01-15
501677576,302951617083,2018-12-21,1,11000.0,20.1,30,2019-01-20,2019-01-12
967514375,302995858027,2019-01-03,1,11000.0,20.1,30,2019-02-02,2019-01-13
347033535,302942194981,2018-12-19,1,11500.0,15.0,30,2019-01-18,2019-01-03
268766947,302974527948,2018-12-28,2,11500.0,15.0,30,2019-01-27,2019-01-07
983881420,302962386259,2018-12-24,3,15000.0,15.0,30,2019-01-23,2019-01-09
585350885,303033121467,2019-01-12,2,15000.0,15.0,15,2019-01-27,2019-01-16
740686093,302942697065,2018-12-19,2,15000.0,15.0,30,2019-01-18,2018-12-29
011779914,302957435869,2018-12-22,2,15000.0,15.0,30,2019-01-21,2018-12-27
563269462,302961675501,2018-12-24,1,17000.0,12.6,90,2019-03-23,2018-12-24
658651954,302955117435,2018-12-22,11,57000.0,7.5,180,2019-06-21,2019-01-07
577187026,302947595774,2018-12-20,1,11500.0,19.8,45,2019-02-03,2019-01-03
079924774,302946227565,2018-12-20,1,11500.0,19.8,45,2019-02-03,2018-12-20
204567625,302970820883,2018-12-27,1,11500.0,19.8,45,2019-02-10,2019-01-10
933269719,302940728345,2018-12-18,1,11500.0,19.8,45,2019-02-01,2018-12-29
840847984,302957457978,2018-12-22,2,11500.0,19.8,45,2019-02-05,2018-12-31
081767649,302947649113,2018-12-20,14,27500.0,12.5,90,2019-03-19,2019-01-02
967249899,302982216343,2018-12-30,8,18500.0,7.5,90,2019-03-29,2019-01-09
583646050,302983205356,2018-12-30,4,45000.0,7.5,90,2019-03-29,2019-01-04
826732708,302943744853,2018-12-19,4,34500.0,12.5,90,2019-03-18,2019-01-15
639034923,302967047480,2018-12-25,3,34500.0,12.5,90,2019-03-24,2019-01-06
231927458,302944694344,2018-12-19,4,34500.0,12.5,90,2019-03-18,2019-01-17
701485745,302983849421,2018-12-30,3,34500.0,12.5,90,2019-03-29,2019-01-06
880859347,302994302644,2019-01-02,3,34500.0,12.5,90,2019-04-01,2019-01-14
204891012,303007024466,2019-01-05,2,47500.0,10.0,90,2019-04-04,2019-01-14
268445287,302958911050,2018-12-23,1,31000.0,20.1,60,2019-02-22,2019-01-05
548574074,302949499616,2018-12-20,7,124500.0,5.0,180,2019-06-19,2019-01-07
011118287,302956199195,2018-12-22,5,64500.0,7.5,180,2019-06-21,2019-01-14
458715758,302977008806,2018-12-28,6,86000.0,7.5,180,2019-06-27,2019-01-08
198880903,302975813350,2018-12-28,2,15000.0,12.5,30,2019-01-27,2019-01-10
857418465,302942525895,2018-12-19,1,103000.0,12.0,120,2019-04-18,2019-01-17
654661034,302978828719,2018-12-29,2,28500.0,7.5,90,2019-03-28,2019-01-15
770218664,302963725758,2018-12-24,6,30000.0,7.5,90,2019-03-23,2018-12-30
022877136,302960599485,2018-12-24,4,60000.0,7.5,90,2019-03-23,2019-01-04
516140389,303033645260,2019-01-12,2,20500.0,19.8,45,2019-02-26,2019-01-12
466905951,302961335182,2018-12-24,9,46500.0,7.5,90,2019-03-23,2018-12-29
290597996,302953417405,2018-12-21,8,150000.0,7.5,180,2019-06-20,2019-01-11
906302363,302981375229,2018-12-30,3,37500.0,12.5,90,2019-03-29,2019-01-07
597208053,302949126926,2018-12-20,4,37500.0,12.5,90,2019-03-19,2019-01-13
391701399,302965343156,2018-12-25,3,37500.0,12.5,90,2019-03-24,2019-01-03
802930691,302960412826,2018-12-23,4,49500.0,7.5,180,2019-06-22,2019-01-09
163360499,302943016249,2018-12-19,4,166000.0,5.0,180,2019-06-18,2019-01-16
455226081,302992148055,2019-01-02,10,100000.0,5.0,180,2019-07-01,2019-01-14
260815447,303017803960,2019-01-08,8,100000.0,5.0,180,2019-07-07,2019-01-11
501074525,302952572552,2018-12-21,6,100000.0,5.0,180,2019-06-20,2019-01-17
236783014,302942920288,2018-12-19,10,100000.0,5.0,180,2019-06-18,2019-01-13
506672730,302961234335,2018-12-24,6,88000.0,5.0,180,2019-06-23,2019-01-15
357194863,302974063074,2018-12-28,7,44500.0,7.5,180,2019-06-27,2019-01-15
906518727,302961133573,2018-12-24,4,52000.0,7.5,180,2019-06-23,2019-01-16
160148592,302943207679,2018-12-19,3,32000.0,12.5,90,2019-03-18,2019-01-17
022149753,302941896294,2018-12-19,4,40000.0,7.5,180,2019-06-18,2019-01-12
837615193,302952481204,2018-12-21,5,59500.0,7.5,180,2019-06-20,2019-01-16
240507310,302962397510,2018-12-24,5,59500.0,7.5,180,2019-06-23,2019-01-13
834167819,302949522344,2018-12-20,4,30500.0,12.5,90,2019-03-19,2019-01-15
734399021,302943017796,2018-12-19,3,23000.0,12.5,90,2019-03-18,2018-12-24
996002932,302944782625,2018-12-19,6,23000.0,12.5,90,2019-03-18,2019-01-16
827060264,302961774579,2018-12-24,4,61000.0,7.5,180,2019-06-23,2019-01-13
727513695,302972285011,2018-12-27,4,17000.0,12.5,90,2019-03-26,2019-01-12
823297150,302941941869,2018-12-19,5,75500.0,5.0,180,2019-06-18,2019-01-17
170457915,302942134100,2018-12-19,4,39500.0,7.5,180,2019-06-18,2019-01-17
557689750,302977031932,2018-12-28,11,39500.0,7.5,180,2019-06-27,2019-01-06
192286872,302943070310,2018-12-19,9,98000.0,5.0,180,2019-06-18,2018-12-20
043078370,302956188030,2018-12-22,6,77000.0,5.0,180,2019-06-21,2018-12-22
300621795,302963686658,2018-12-24,5,83000.0,5.0,180,2019-06-23,2019-01-05
241632839,302951557950,2018-12-21,1,81500.0,7.5,180,2019-06-20,2019-01-11
846121332,302992632852,2019-01-02,7,100000.0,10.0,90,2019-04-01,2019-01-05
659633916,303003773577,2019-01-04,7,100000.0,5.0,180,2019-07-03,2019-01-16
GH96550430,100017786,2018-02-08,5,80.0,15.0,15,2018-02-23,2018-02-23
GH37504396,100012838,2018-01-14,1,80.0,15.0,15,2018-01-29,2018-01-29
GH54723054,100016807,2018-02-02,2,80.0,15.0,15,2018-02-19,2018-02-16
GH47548807,100018275,2018-02-11,2,80.0,15.0,15,2018-02-26,2018-02-28
GH84759681,100015781,2018-01-27,2,80.0,15.0,15,2018-02-12,2018-02-12
GH35460722,100016172,2018-01-30,5,80.0,15.0,15,2018-02-14,2018-03-01
GH04894087,100011235,2018-01-08,2,80.0,15.0,15,2018-01-23,2018-01-22
GH42405922,100019919,2018-02-20,5,80.0,15.0,15,2018-03-07,2018-03-04
GH62638354,100018341,2018-02-12,5,80.0,15.0,15,2018-02-27,2018-02-26
GH27599183,100014393,2018-01-20,1,80.0,15.0,15,2018-02-05,2018-02-05
GH00205281,100012492,2018-01-13,1,80.0,15.0,15,2018-01-29,2018-01-29
GH94877744,100014182,2018-01-19,2,80.0,15.0,15,2018-02-05,2018-01-29
GH77744340,100018807,2018-02-14,2,80.0,15.0,15,2018-03-01,2018-03-01
GH27237979,100019864,2018-02-20,4,80.0,15.0,15,2018-03-07,2018-03-03
GH14093998,100011729,2018-01-10,1,80.0,15.0,15,2018-01-25,2018-01-23
GH00808874,100010319,2018-01-01,2,80.0,15.0,15,2018-01-16,2018-01-15
GH11632090,100016184,2018-01-30,3,80.0,15.0,15,2018-02-14,2018-02-15
GH56785851,100011067,2018-01-06,3,80.0,15.0,15,2018-01-22,2018-01-22
GH85390929,100015715,2018-01-27,2,80.0,15.0,15,2018-02-12,2018-02-16
GH29089809,100010564,2018-01-03,3,80.0,15.0,15,2018-01-18,2018-01-11
GH07189378,100016700,2018-02-02,1,80.0,15.0,15,2018-02-19,2018-02-09
GH62107518,100016384,2018-01-31,1,80.0,15.0,15,2018-02-15,2018-02-15
GH72937410,100013596,2018-01-16,1,80.0,15.0,15,2018-01-31,2018-01-30
GH04123177,100018999,2018-02-15,4,80.0,15.0,15,2018-03-02,2018-03-01
GH77735356,100019922,2018-02-20,2,80.0,15.0,15,2018-03-07,2018-03-05
GH94880102,100011731,2018-01-10,1,80.0,15.0,15,2018-01-25,2018-01-26
GH16140997,100017184,2018-02-05,5,80.0,15.0,15,2018-02-20,2018-02-19
GH06832511,100014400,2018-01-20,1,80.0,15.0,15,2018-02-05,2018-02-14
GH79975596,100011450,2018-01-09,1,80.0,15.0,15,2018-01-24,2018-01-18
GH91866056,100012296,2018-01-12,1,80.0,15.0,15,2018-01-29,2018-01-18
GH25538030,100015037,2018-01-23,1,80.0,15.0,15,2018-02-07,2018-02-07
GH56785851,100015821,2018-01-27,4,80.0,15.0,15,2018-02-12,2018-02-11
GH26139148,100017099,2018-02-04,2,80.0,15.0,15,2018-02-19,2018-02-27
GH12044261,100014862,2018-01-23,2,80.0,15.0,15,2018-02-07,2018-02-06
GH03825373,100012495,2018-01-13,1,80.0,15.0,15,2018-01-29,2018-02-13
GH16140997,100014473,2018-01-20,4,80.0,15.0,15,2018-02-05,2018-02-04
GH21917111,100017509,2018-02-06,4,80.0,15.0,15,2018-02-21,2018-02-17
GH72548249,100015748,2018-01-27,2,80.0,15.0,15,2018-02-12,2018-02-09
GH84657758,100018622,2018-02-13,2,80.0,15.0,15,2018-02-28,2018-02-27
GH02191438,100016410,2018-01-31,4,80.0,15.0,15,2018-02-15,2018-02-12
GH63887800,100016727,2018-02-02,2,80.0,15.0,15,2018-02-19,2018-02-25
GH26366776,100011949,2018-01-11,1,80.0,15.0,15,2018-01-26,2018-01-16
GH47742294,100010287,2018-01-01,3,80.0,15.0,15,2018-01-16,2018-01-15
GH50398055,100013230,2018-01-15,4,80.0,15.0,15,2018-01-30,2018-01-27
GH54463289,100014198,2018-01-19,1,80.0,15.0,15,2018-02-05,2018-02-05
GH33548869,100017816,2018-02-08,5,80.0,15.0,15,2018-02-23,2018-02-21
GH53257816,100016201,2018-01-30,4,80.0,15.0,15,2018-02-14,2018-02-14
GH30979353,100011970,2018-01-11,1,80.0,15.0,15,2018-01-26,2018-01-26
GH71446879,100015687,2018-01-26,2,80.0,15.0,15,2018-02-12,2018-02-12
GH26958108,100018993,2018-02-15,2,80.0,15.0,15,2018-03-02,2018-03-02
GH25218149,100015383,2018-01-25,5,80.0,15.0,15,2018-02-09,2018-02-09
GH36849122,100015722,2018-01-27,1,80.0,15.0,15,2018-02-12,2018-02-06
GH63344119,100019898,2018-02-20,4,80.0,15.0,15,2018-03-07,2018-03-07
GH11419942,100016528,2018-02-01,2,80.0,15.0,15,2018-02-16,2018-02-15
GH33164754,100014274,2018-01-19,5,80.0,15.0,15,2018-02-05,2018-02-12
GH33548869,100011364,2018-01-09,3,80.0,15.0,15,2018-01-24,2018-01-24
GH28179321,100016682,2018-02-02,5,80.0,15.0,15,2018-02-19,2018-02-28
GH96880686,100012940,2018-01-14,1,80.0,15.0,15,2018-01-29,2018-02-17
GH80713260,100017839,2018-02-08,4,80.0,15.0,15,2018-02-23,2018-02-27
GH61207133,100018984,2018-02-15,4,80.0,15.0,15,2018-03-02,2018-03-02
GH85561382,100016417,2018-01-31,3,80.0,15.0,15,2018-02-15,2018-02-13
GH65443774,100017210,2018-02-05,6,80.0,15.0,15,2018-02-20,2018-02-20
GH11704484,100012388,2018-01-12,3,80.0,15.0,15,2018-01-29,2018-01-29
GH75509875,100015465,2018-01-25,1,80.0,15.0,15,2018-02-09,2018-02-09
GH28179321,100011014,2018-01-06,4,80.0,15.0,15,2018-01-22,2018-01-31
GH59483030,100017217,2018-02-05,5,80.0,15.0,15,2018-02-20,2018-04-04
GH81484333,100012258,2018-01-12,1,80.0,15.0,15,2018-01-29,2018-01-24
GH00205281,100016094,2018-01-29,2,80.0,15.0,15,2018-02-13,2018-02-27
GH16140997,100010829,2018-01-04,3,80.0,15.0,15,2018-01-19,2018-01-19
GH04969435,100019662,2018-02-19,6,80.0,15.0,15,2018-03-06,2018-03-06
GH96908526,100013425,2018-01-16,3,80.0,15.0,15,2018-01-31,2018-02-19
GH27209571,100015634,2018-01-26,5,80.0,15.0,15,2018-02-12,2018-02-11
GH98017512,100016651,2018-02-02,1,80.0,15.0,15,2018-02-19,2018-02-14
GH46661689,100014131,2018-01-19,3,80.0,15.0,15,2018-02-05,2018-02-05
GH19561717,100018120,2018-02-10,1,80.0,15.0,15,2018-02-26,2018-02-23
GH68637137,100015409,2018-01-25,1,80.0,15.0,15,2018-02-09,2018-02-09
GH25602476,100014889,2018-01-23,1,80.0,15.0,15,2018-02-07,2018-02-06
GH91278408,100017825,2018-02-08,2,80.0,15.0,15,2018-02-23,2018-03-29
GH73186284,100012603,2018-01-13,1,80.0,15.0,15,2018-01-29,2018-01-27
GH44294596,100012797,2018-01-14,2,80.0,15.0,15,2018-01-29,2018-01-24
GH99203754,100011121,2018-01-07,2,80.0,15.0,15,2018-01-22,2018-01-10
GH06246073,100011069,2018-01-06,4,80.0,15.0,15,2018-01-22,2018-01-24
GH63727524,100015090,2018-01-23,1,80.0,15.0,15,2018-02-07,2018-05-28
GH37396334,100015185,2018-01-24,2,80.0,15.0,15,2018-02-08,2018-02-08
GH84759681,100012614,2018-01-13,1,80.0,15.0,15,2018-01-29,2018-01-27
GH44856685,100014222,2018-01-19,4,80.0,15.0,15,2018-02-05,2018-02-02
GH70411308,100010323,2018-01-01,2,80.0,15.0,15,2018-01-16,2018-01-15
GH69738820,100016004,2018-01-29,1,80.0,15.0,15,2018-02-13,2018-02-12
GH44466372,100010781,2018-01-04,2,80.0,15.0,15,2018-01-19,2018-01-17
GH46916389,100015224,2018-01-24,4,80.0,15.0,15,2018-02-08,2018-02-08
GH45657328,100016105,2018-01-29,5,80.0,15.0,15,2018-02-13,2018-02-13
GH03797882,100016354,2018-01-31,1,80.0,15.0,15,2018-02-15,2018-02-15
GH38221962,100013906,2018-01-18,5,80.0,15.0,15,2018-02-02,2018-02-02
GH14494106,100010525,2018-01-03,2,80.0,15.0,15,2018-01-18,2018-01-18
GH05596552,100018167,2018-02-10,5,80.0,15.0,15,2018-02-26,2018-02-24
GH73053338,100017085,2018-02-04,1,80.0,15.0,15,2018-02-19,2018-02-19
GH00957556,100012589,2018-01-13,1,80.0,15.0,15,2018-01-29,2018-01-26
GH51803552,100019534,2018-02-18,6,80.0,15.0,15,2018-03-05,2018-03-05
GH82290691,100013411,2018-01-16,5,80.0,15.0,15,2018-01-31,2018-02-01
GH44856685,100016872,2018-02-02,5,80.0,15.0,15,2018-02-19,2018-03-05
GH59374898,100012029,2018-01-11,2,80.0,15.0,15,2018-01-26,2018-01-23
GH45662021,100011257,2018-01-08,1,80.0,15.0,15,2018-01-23,2018-01-22
GH80411093,100016078,2018-01-29,3,80.0,15.0,15,2018-02-13,2018-01-29
GH51803552,100013619,2018-01-16,4,80.0,15.0,15,2018-01-31,2018-01-30
GH80235933,100011938,2018-01-11,2,80.0,15.0,15,2018-01-26,2018-01-26
GH24740548,100018129,2018-02-10,1,80.0,15.0,15,2018-02-26,2018-02-28
GH08050804,100013699,2018-01-17,4,80.0,15.0,15,2018-02-01,2018-01-31
GH12090274,100015783,2018-01-27,1,80.0,15.0,15,2018-02-12,2018-02-12
GH05596552,100014362,2018-01-20,4,80.0,15.0,15,2018-02-05,2018-01-30
GH81389500,100011950,2018-01-11,1,80.0,15.0,15,2018-01-26,2018-01-24
GH12972845,100010543,2018-01-03,2,80.0,15.0,15,2018-01-18,2018-01-15
GH55103900,100016564,2018-02-01,3,80.0,15.0,15,2018-02-16,2018-02-14
GH13607443,100017892,2018-02-08,5,80.0,15.0,15,2018-02-23,2018-02-23
GH30787200,100015230,2018-01-24,1,80.0,15.0,15,2018-02-08,2018-02-08
GH49149221,100017435,2018-02-06,5,80.0,15.0,15,2018-02-21,2018-02-19
GH05460103,100016792,2018-02-02,1,80.0,15.0,15,2018-02-19,2018-02-11
GH59669870,100019643,2018-02-19,4,80.0,15.0,15,2018-03-06,2018-03-04
GH74851235,100019887,2018-02-20,3,80.0,15.0,15,2018-03-07,2018-03-06
GH87811290,100011265,2018-01-08,2,80.0,15.0,15,2018-01-23,2018-01-21
GH46610651,100019842,2018-02-20,2,80.0,15.0,15,2018-03-07,2018-03-06
GH41443131,100010650,2018-01-03,1,80.0,15.0,15,2018-01-18,2018-01-11
GH79299768,100016823,2018-02-02,2,80.0,15.0,15,2018-02-19,2018-02-16
GH60247976,100016005,2018-01-29,3,80.0,15.0,15,2018-02-13,2018-02-12
GH61487467,100012028,2018-01-11,4,80.0,15.0,15,2018-01-26,2018-01-26
GH92958716,100017248,2018-02-05,5,80.0,15.0,15,2018-02-20,2018-02-19
GH67529775,100017455,2018-02-06,2,80.0,15.0,15,2018-02-21,2018-03-05
686128144,301784776374,2018-05-22,11,49500.0,10.0,60,2018-07-21,2018-06-22
672963859,302957705,2018-03-22,5,49500.0,10.0,60,2018-05-21,2018-03-30
936421926,302775130,2018-02-13,2,49500.0,10.0,60,2018-04-15,2018-04-13
686128144,303021822,2018-04-05,9,49500.0,10.0,60,2018-06-05,2018-05-02
717911405,302826763,2018-02-23,7,49500.0,10.0,60,2018-04-25,2018-03-26
200169952,302858911,2018-03-01,8,49500.0,10.0,60,2018-04-30,2018-04-05
686128144,303156871,2018-05-02,10,49500.0,10.0,60,2018-07-01,2018-05-22
686128144,302812940,2018-02-21,6,49500.0,10.0,60,2018-04-23,2018-03-05
769940937,302720234,2018-02-01,22,49500.0,10.0,60,2018-04-03,2018-03-03
491906090,302760645,2018-02-10,8,20500.0,10.0,60,2018-04-12,2018-03-13
418252732,302588129,2018-01-04,22,41000.0,10.0,60,2018-03-05,2018-02-01
987534954,302826745524,2018-11-26,5,20500.0,20.0,60,2019-01-26,2019-01-15
027321344,302408442620,2018-09-16,4,20500.0,20.0,60,2018-11-17,2018-11-06
739546510,302060935730,2018-07-17,6,20500.0,20.0,60,2018-09-16,2018-12-22
051964302,302344421107,2018-09-06,4,20500.0,20.0,60,2018-11-06,2018-12-01
581719506,302684978834,2018-11-01,5,20500.0,20.0,60,2019-01-02,2019-01-02
494769212,302427269157,2018-09-20,2,20500.0,20.0,60,2018-11-20,2018-11-19
827139420,302078898083,2018-07-20,1,20500.0,20.0,60,2018-09-20,2018-08-20
413662547,302842248,2018-02-27,22,120000.0,5.0,180,2018-08-29,2018-06-26
926915628,303105156,2018-04-23,11,120000.0,5.0,180,2018-10-23,2018-09-25
273615965,302851932,2018-02-28,3,120000.0,5.0,180,2018-08-30,2018-08-19
206067092,301752820633,2018-05-16,4,120000.0,10.0,90,2018-08-15,2018-08-15
962880828,302803825,2018-02-19,1,7500.0,30.0,30,2018-03-21,2018-02-23
480083779,302626524,2018-01-12,3,7500.0,30.0,30,2018-02-11,2018-02-13
344155099,302793677,2018-02-17,2,7500.0,30.0,30,2018-03-19,2018-03-14
102141899,303114341,2018-04-24,1,7500.0,30.0,30,2018-05-26,2018-05-26
026133837,302623360,2018-01-12,2,7500.0,30.0,30,2018-02-11,2018-03-24
344195093,302051680797,2018-07-15,1,7500.0,30.0,30,2018-08-14,2018-08-14
717368360,302212842511,2018-08-14,2,7500.0,30.0,30,2018-09-13,2018-08-17
124189650,302607241,2018-01-08,1,7500.0,30.0,30,2018-02-09,2018-03-30
643450202,302696967,2018-01-27,1,7500.0,30.0,30,2018-02-26,2018-03-01
061452364,302528776595,2018-10-06,2,7500.0,30.0,30,2018-11-05,2018-11-14
872284600,302732236,2018-02-04,1,7500.0,30.0,30,2018-03-06,2018-03-06
383789899,302833086,2018-02-25,1,7500.0,30.0,30,2018-03-29,2018-04-12
240588571,303056683,2018-04-13,2,7500.0,30.0,30,2018-05-13,2018-05-11
339095931,302379245789,2018-09-12,2,7500.0,30.0,30,2018-10-12,2018-10-31
091351436,302832471,2018-02-25,1,7500.0,30.0,30,2018-03-27,2018-04-24
683225743,302072465932,2018-07-19,5,7500.0,30.0,30,2018-08-20,2018-09-25
952956668,302182114604,2018-08-09,2,7500.0,30.0,30,2018-09-08,2018-09-04
530961303,302716663,2018-01-31,2,7500.0,30.0,30,2018-03-02,2018-03-07
866631249,302505307482,2018-10-03,1,7500.0,30.0,30,2018-11-02,2018-10-30
169241090,302773546,2018-02-13,1,7500.0,30.0,30,2018-03-15,2018-02-27
974013962,302583090,2018-01-02,1,7500.0,30.0,30,2018-02-04,2018-03-06
613853278,301904273910,2018-06-14,2,7500.0,30.0,30,2018-07-16,2018-07-11
751741585,303138149,2018-04-28,1,7500.0,30.0,30,2018-05-28,2018-07-28
075935783,302585615,2018-01-03,2,7500.0,30.0,30,2018-02-02,2018-01-28
821162983,303083401,2018-04-18,3,7500.0,30.0,30,2018-05-18,2018-05-08
795344804,302732573,2018-02-04,2,7500.0,30.0,30,2018-03-06,2018-03-06
305626699,302248112763,2018-08-21,2,7500.0,30.0,30,2018-09-20,2018-10-04
795037780,301827412140,2018-05-31,3,7500.0,30.0,30,2018-07-02,2018-06-28
092625651,302741091,2018-02-06,2,7500.0,30.0,30,2018-03-08,2018-05-24
811183742,302897677,2018-03-09,2,7500.0,30.0,30,2018-04-08,2018-04-24
608303980,302618640,2018-01-10,2,7500.0,30.0,30,2018-02-09,2018-06-17
458172778,302629934,2018-01-13,1,7500.0,30.0,30,2018-02-12,2018-02-09
446009623,303150836,2018-05-01,4,7500.0,30.0,30,2018-05-31,2018-05-30
834372040,302594326,2018-01-05,2,7500.0,30.0,30,2018-02-04,2018-02-04
165829910,302694826,2018-01-26,1,7500.0,30.0,30,2018-02-25,2018-02-25
597913688,302056199372,2018-07-16,7,7500.0,30.0,30,2018-08-15,2018-08-14
897300565,302745081,2018-02-07,3,7500.0,30.0,30,2018-03-09,2018-03-07
985959069,302900060,2018-03-09,2,7500.0,30.0,30,2018-04-08,2018-04-09
246609350,302276241203,2018-08-26,9,7500.0,30.0,30,2018-09-25,2018-08-26
246004336,302930703,2018-03-16,3,7500.0,30.0,30,2018-04-15,2018-04-01
576985830,302893272,2018-03-08,2,7500.0,30.0,30,2018-04-07,2018-03-28
948299347,302846138,2018-02-27,1,7500.0,30.0,30,2018-03-29,2018-02-28
014785142,302827843,2018-02-23,1,7500.0,30.0,30,2018-03-26,2018-04-05
182431068,302625317,2018-01-12,1,7500.0,30.0,30,2018-02-11,2018-02-09
465143167,301963895658,2018-06-27,3,7500.0,30.0,30,2018-07-27,2018-07-27
581512555,302632163,2018-01-14,1,7500.0,30.0,30,2018-02-13,2018-02-12
056957893,303009442,2018-04-03,6,7500.0,30.0,30,2018-05-03,2018-05-03
316591772,302918972923,2018-12-12,1,7500.0,30.0,30,2019-01-11,2019-01-14
449220170,302691867,2018-01-26,1,7500.0,30.0,30,2018-02-25,2018-02-20
507362138,302699508,2018-01-27,3,7500.0,30.0,30,2018-02-26,2018-02-22
397766949,302739730,2018-02-06,1,7500.0,30.0,30,2018-03-08,2018-03-03
597976785,302790728,2018-02-16,1,7500.0,30.0,30,2018-03-19,2018-03-12
153064200,302969551,2018-03-25,2,7500.0,30.0,30,2018-04-24,2018-04-15
638043477,302816182,2018-02-21,1,7500.0,30.0,30,2018-03-23,2018-04-01
811745458,302621288,2018-01-11,1,7500.0,30.0,30,2018-02-11,2018-02-11
996512882,302844250,2018-02-27,2,7500.0,30.0,30,2018-03-29,2018-03-27
397718724,302792431052,2018-11-20,4,15000.0,15.0,60,2019-01-20,2018-12-20
343494445,303190746,2018-05-08,2,7500.0,30.0,30,2018-06-07,2018-06-03
489262950,302698247,2018-01-27,1,7500.0,30.0,30,2018-02-27,2018-04-01
610780825,302723768,2018-02-02,3,7500.0,30.0,30,2018-03-04,2018-03-04
271731449,303063868,2018-04-14,2,7500.0,30.0,30,2018-05-14,2018-05-07
556992460,302808044,2018-02-20,1,7500.0,30.0,30,2018-03-22,2018-03-15
837435735,302692424,2018-01-26,1,7500.0,30.0,30,2018-02-25,2018-03-03
052550940,302864554,2018-03-02,2,7500.0,30.0,30,2018-04-01,2018-04-01
096902186,302613991,2018-01-09,2,7500.0,30.0,30,2018-02-08,2018-02-05
943138001,302702257,2018-01-28,2,7500.0,30.0,30,2018-02-27,2018-02-28
931527895,301728305588,2018-05-11,4,7500.0,30.0,30,2018-06-11,2018-06-05
220607228,302770541,2018-02-12,1,7500.0,30.0,30,2018-03-16,2018-03-09
445406861,301738416810,2018-05-14,2,7500.0,30.0,30,2018-06-13,2018-05-31
180947579,302407373000,2018-09-16,1,7500.0,30.0,30,2018-10-16,2018-09-26
516048010,302803737,2018-02-19,2,7500.0,30.0,30,2018-03-21,2018-04-01
201624810,303174940,2018-05-05,4,7500.0,30.0,30,2018-06-04,2018-06-03
658762253,302644824,2018-01-17,1,7500.0,30.0,30,2018-02-16,2018-02-16
008294069,302529136655,2018-10-07,2,7500.0,30.0,30,2018-11-06,2018-11-06
812533952,302769939,2018-02-12,1,7500.0,30.0,30,2018-03-14,2018-03-08
243041257,302688619,2018-01-25,1,7500.0,30.0,30,2018-02-26,2018-06-08
363332293,303022963,2018-04-05,3,7500.0,30.0,30,2018-05-05,2018-05-05
925857436,302639299,2018-01-16,1,7500.0,30.0,30,2018-02-15,2018-02-01
860516524,302572946881,2018-10-14,1,7500.0,30.0,30,2018-11-13,2018-11-11
743197176,302817798,2018-02-22,3,7500.0,30.0,30,2018-03-24,2018-03-24
818118272,303006969,2018-04-02,6,7500.0,30.0,30,2018-05-02,2018-05-25
142887567,302724839,2018-02-02,1,7500.0,30.0,30,2018-03-04,2018-02-28
679454569,302940113999,2018-12-18,2,7500.0,30.0,30,2019-01-17,2019-01-17
201404479,302851167206,2018-11-30,1,7500.0,30.0,30,2018-12-30,2018-12-25
273104703,302397291847,2018-09-14,1,7500.0,30.0,30,2018-10-14,2018-10-14
630308039,302814053,2018-02-21,1,7500.0,30.0,30,2018-03-24,2018-03-15
533498921,302423982829,2018-09-19,1,7500.0,30.0,30,2018-10-19,2018-12-18
321334320,301939225557,2018-06-21,2,7500.0,30.0,30,2018-07-23,2018-07-18
409097950,302595626,2018-01-05,2,7500.0,30.0,30,2018-02-04,2018-01-31
977761236,303076705,2018-04-17,2,7500.0,30.0,30,2018-05-17,2018-05-14
095194701,303127515,2018-04-27,2,7500.0,30.0,30,2018-05-27,2018-06-04
969384370,302647264,2018-01-17,1,7500.0,30.0,30,2018-02-17,2018-02-01
376652492,302869222,2018-03-03,2,7500.0,30.0,30,2018-04-02,2018-04-02
203874550,302854721,2018-03-01,1,7500.0,30.0,30,2018-03-31,2018-03-31
154461223,302494941048,2018-10-01,1,7500.0,30.0,30,2018-10-31,2018-10-31
487460260,302865925,2018-03-02,2,7500.0,30.0,30,2018-04-01,2018-03-29
383163813,302740820327,2018-11-11,1,7500.0,30.0,30,2018-12-11,2018-12-17
700124626,302288751915,2018-08-28,8,7500.0,30.0,30,2018-09-27,2018-09-27
267765126,302386420738,2018-09-13,1,7500.0,30.0,30,2018-10-13,2018-10-13
356348843,302725162,2018-02-02,1,7500.0,30.0,30,2018-03-04,2018-03-01
628568744,302714113,2018-01-31,1,7500.0,30.0,30,2018-03-02,2018-03-02
944172894,302940353241,2018-12-18,8,7500.0,30.0,30,2019-01-17,2018-12-31
521461298,302670513,2018-01-22,1,7500.0,30.0,30,2018-02-21,2018-02-19
168744117,302657970168,2018-10-28,1,7500.0,30.0,30,2018-11-27,2018-11-08
692706844,302921272,2018-03-14,1,7500.0,30.0,30,2018-04-13,2018-04-12
174909757,302630719,2018-01-13,1,7500.0,30.0,30,2018-02-12,2018-02-05
683626820,302856063,2018-03-01,2,7500.0,30.0,30,2018-03-31,2018-04-04
435237355,302617947,2018-01-10,1,7500.0,30.0,30,2018-02-09,2018-02-10
473301330,302279671694,2018-08-27,1,7500.0,30.0,30,2018-09-26,2018-09-26
398153860,302687341,2018-01-25,3,7500.0,30.0,30,2018-02-24,2018-02-13
836564384,302821309,2018-02-22,1,7500.0,30.0,30,2018-03-24,2018-05-20
524372504,302798812,2018-02-18,2,7500.0,30.0,30,2018-03-20,2018-03-28
329242992,302799044,2018-02-18,1,7500.0,30.0,30,2018-03-20,2018-03-20
513230372,302332276504,2018-09-04,1,7500.0,30.0,30,2018-10-04,2018-10-04
621240534,303048960,2018-04-11,2,7500.0,30.0,30,2018-05-11,2018-05-06
063476520,302681572,2018-01-24,1,7500.0,30.0,30,2018-02-23,2018-03-03
385040066,302777897,2018-02-14,2,7500.0,30.0,30,2018-03-16,2018-03-09
093028153,302652133,2018-01-18,1,7500.0,30.0,30,2018-02-17,2018-03-07
428519370,302818201,2018-02-22,2,7500.0,30.0,30,2018-03-24,2018-05-21
503556475,301756602609,2018-05-17,2,7500.0,30.0,30,2018-06-18,2018-05-23
131407320,302649177,2018-01-17,1,7500.0,30.0,30,2018-02-16,2018-03-26
946145307,302769039,2018-02-12,2,7500.0,30.0,30,2018-03-14,2018-03-14
864410140,302580724,2018-01-01,3,7500.0,30.0,30,2018-01-31,2018-02-22
373307468,302738118,2018-02-05,2,7500.0,30.0,30,2018-03-07,2018-03-06
933649085,302602968,2018-01-07,1,7500.0,30.0,30,2018-02-06,2018-02-06
740526591,302597695,2018-01-06,2,7500.0,30.0,30,2018-02-05,2018-01-13
052831997,302656142,2018-01-19,2,7500.0,30.0,30,2018-02-18,2018-02-11
466533579,302614199,2018-01-10,2,7500.0,30.0,30,2018-02-09,2018-02-09
538372166,302345515506,2018-09-06,1,7500.0,30.0,30,2018-10-06,2018-10-08
235343023,302581861,2018-01-02,1,7500.0,30.0,30,2018-02-02,2018-01-30
444161217,302938444,2018-03-18,1,7500.0,30.0,30,2018-04-17,2018-07-03
125230857,302742978281,2018-11-11,6,7500.0,30.0,30,2018-12-11,2018-11-30
135000586,302720195,2018-02-01,1,7500.0,30.0,30,2018-03-03,2018-03-10
008625355,302665818860,2018-10-29,2,7500.0,30.0,30,2018-11-28,2018-11-28
640512689,302730498581,2018-11-09,1,7500.0,30.0,30,2018-12-09,2018-12-09
929182302,302890974,2018-03-08,2,7500.0,30.0,30,2018-04-07,2018-04-05
648928832,302908089,2018-03-11,3,7500.0,30.0,30,2018-04-10,2018-04-12
324023767,302603341,2018-01-07,1,7500.0,30.0,30,2018-02-06,2018-02-03
922135068,302729549,2018-02-03,1,7500.0,30.0,30,2018-03-05,2018-02-11
118717828,302935109,2018-03-17,2,7500.0,30.0,30,2018-04-16,2018-04-05
045511403,302093193016,2018-07-23,3,7500.0,30.0,30,2018-08-22,2018-08-15
305914500,302078671448,2018-07-20,1,7500.0,30.0,30,2018-08-20,2018-11-02
434332650,302803252,2018-02-19,1,7500.0,30.0,30,2018-03-21,2018-03-29
082751900,302314673065,2018-09-01,2,7500.0,30.0,30,2018-10-02,2018-09-27
253611707,302790823,2018-02-16,1,7500.0,30.0,30,2018-03-19,2018-03-01
654506127,302797003,2018-02-17,1,7500.0,30.0,30,2018-03-19,2018-03-17
300037755,302897336,2018-03-09,2,7500.0,30.0,30,2018-04-08,2018-04-01
696488420,302738992,2018-02-05,2,7500.0,30.0,30,2018-03-07,2018-03-02
803350989,301919462137,2018-06-17,1,7500.0,30.0,30,2018-07-17,2018-08-06
311159398,302685653951,2018-11-01,1,7500.0,30.0,30,2018-12-01,2018-12-11
336062518,301814046596,2018-05-28,2,7500.0,30.0,30,2018-06-27,2018-06-22
034794624,302919772,2018-03-14,1,7500.0,30.0,30,2018-04-13,2018-03-28
480774726,301866490335,2018-06-07,2,7500.0,30.0,30,2018-07-09,2018-07-20
433276298,302601471,2018-01-07,1,7500.0,30.0,30,2018-02-06,2018-05-15
308232919,302115857661,2018-07-27,2,7500.0,30.0,30,2018-08-26,2018-12-24
621297197,302606540,2018-01-08,1,7500.0,30.0,30,2018-02-07,2018-02-05
506186077,302674334,2018-01-23,1,7500.0,30.0,30,2018-02-22,2018-02-09
023612840,302057043268,2018-07-16,1,7500.0,30.0,30,2018-08-15,2018-08-15
265827270,302628113,2018-01-13,4,7500.0,30.0,30,2018-02-12,2018-01-29
293938382,303002239,2018-04-01,2,7500.0,30.0,30,2018-05-02,2018-04-29
381992307,302595111,2018-01-05,2,7500.0,30.0,30,2018-02-04,2018-02-03
777956613,303042167,2018-04-10,3,7500.0,30.0,30,2018-05-10,2018-05-08
756869294,302573829859,2018-10-14,1,7500.0,30.0,30,2018-11-13,2018-11-01
215754686,301931347753,2018-06-20,2,7500.0,30.0,30,2018-07-20,2018-07-18
624903333,302660434,2018-01-19,3,7500.0,30.0,30,2018-02-18,2018-02-14
533179307,302043239143,2018-07-13,1,7500.0,30.0,30,2018-08-13,2018-08-03
893024860,303057222,2018-04-13,2,7500.0,30.0,30,2018-05-13,2018-05-20
195825980,302876307,2018-03-05,3,7500.0,30.0,30,2018-04-04,2018-03-28
077210494,302280716186,2018-08-27,1,7500.0,30.0,30,2018-09-26,2018-09-25
865601189,302679785,2018-01-23,1,7500.0,30.0,30,2018-02-24,2018-03-10
786997536,302874958,2018-03-05,2,7500.0,30.0,30,2018-04-04,2018-04-03
911943862,302644272,2018-01-17,1,7500.0,30.0,30,2018-02-16,2018-03-14
756963555,302581852,2018-01-02,2,7500.0,30.0,30,2018-02-01,2018-01-26
682856756,302788405,2018-02-16,2,7500.0,30.0,30,2018-03-18,2018-03-19
369121703,302830525,2018-02-24,1,7500.0,30.0,30,2018-03-26,2018-04-03
563994804,302918878240,2018-12-12,2,7500.0,30.0,30,2019-01-11,2019-01-11
239340930,302176543465,2018-08-08,5,7500.0,30.0,30,2018-09-07,2018-09-18
734637515,302592887,2018-01-05,1,7500.0,30.0,30,2018-02-04,2018-04-11
135010788,302351415940,2018-09-07,2,7500.0,30.0,30,2018-10-07,2018-10-06
456094761,302700133,2018-01-27,2,7500.0,30.0,30,2018-02-26,2018-02-26
753278107,302508540132,2018-10-03,12,7500.0,30.0,30,2018-11-02,2018-11-02
496584701,302682444,2018-01-24,1,7500.0,30.0,30,2018-02-23,2018-03-26
382370854,301943234932,2018-06-22,2,7500.0,30.0,30,2018-07-23,2018-07-02
002464270,301871180054,2018-06-08,1,7500.0,30.0,30,2018-07-09,2018-07-01
804581971,302797183,2018-02-17,1,7500.0,30.0,30,2018-03-19,2018-03-21
970983781,303020615,2018-04-05,2,7500.0,30.0,30,2018-05-05,2018-04-28
051954414,302919175,2018-03-14,1,7500.0,30.0,30,2018-04-13,2018-03-22
454903347,302799696,2018-02-18,1,7500.0,30.0,30,2018-03-20,2018-03-12
266639452,302766920,2018-02-12,2,7500.0,30.0,30,2018-03-14,2018-04-19
605295651,302702247,2018-01-28,1,7500.0,30.0,30,2018-02-27,2018-03-02
970875198,302924369,2018-03-15,2,7500.0,30.0,30,2018-04-14,2018-04-13
030211120,302601245,2018-01-06,1,7500.0,30.0,30,2018-02-05,2018-01-30
487629300,302123292459,2018-07-28,1,7500.0,30.0,30,2018-08-27,2018-10-18
231404741,302727556,2018-02-03,1,7500.0,30.0,30,2018-03-05,2018-03-20
638063738,302742183194,2018-11-11,1,7500.0,30.0,30,2018-12-11,2018-12-11
483870736,302737604,2018-02-05,1,7500.0,30.0,30,2018-03-07,2018-03-09
545571286,302024466601,2018-07-09,1,7500.0,30.0,30,2018-08-08,2018-08-07
916499779,302771929,2018-02-12,1,7500.0,30.0,30,2018-03-15,2018-03-19
997891172,303201063,2018-05-09,5,7500.0,30.0,30,2018-06-08,2018-05-20
289594445,302634363,2018-01-15,1,7500.0,30.0,30,2018-02-14,2018-02-07
525836282,302867661,2018-03-02,2,7500.0,30.0,30,2018-04-02,2018-04-10
791167645,302630322,2018-01-13,1,7500.0,30.0,30,2018-02-12,2018-02-12
115570879,302856366,2018-03-01,1,7500.0,30.0,30,2018-03-31,2018-05-04
921757307,302858201,2018-03-01,1,7500.0,30.0,30,2018-03-31,2018-03-20
150116520,302595911,2018-01-05,6,7500.0,30.0,30,2018-02-04,2018-01-30
588894628,302769761,2018-02-12,1,7500.0,30.0,30,2018-03-15,2018-03-04
528080367,302683099,2018-01-24,1,7500.0,30.0,30,2018-02-24,2018-02-27
095928169,302736793,2018-02-05,1,7500.0,30.0,30,2018-03-07,2018-03-07
708616408,302779341,2018-02-14,1,7500.0,30.0,30,2018-03-16,2018-03-15
678871473,302627224,2018-01-12,1,7500.0,30.0,30,2018-02-11,2018-02-27
262822262,302719408,2018-02-01,1,7500.0,30.0,30,2018-03-03,2018-06-08
239835966,303173218,2018-05-05,3,7500.0,30.0,30,2018-06-04,2018-06-04
678096496,301732710976,2018-05-12,1,7500.0,30.0,30,2018-06-11,2018-09-05
931865469,302877690197,2018-12-04,2,7500.0,30.0,30,2019-01-03,2018-12-09
936896858,302486591493,2018-09-29,3,7500.0,30.0,30,2018-10-29,2018-11-03
752369589,302733475,2018-02-04,1,7500.0,30.0,30,2018-03-06,2018-02-26
373313076,302882093,2018-03-06,2,7500.0,30.0,30,2018-04-05,2018-05-31
887749980,303068162,2018-04-15,2,7500.0,30.0,30,2018-05-15,2018-05-15
593898029,302717789,2018-02-01,1,7500.0,30.0,30,2018-03-03,2018-03-04
466228212,302866966,2018-03-02,2,7500.0,30.0,30,2018-04-01,2018-04-04
444900612,302374351557,2018-09-11,1,7500.0,30.0,30,2018-10-11,2018-10-23
233208651,302719040,2018-02-01,4,7500.0,30.0,30,2018-03-03,2018-02-28
218831750,302601754,2018-01-07,1,7500.0,30.0,30,2018-02-06,2018-09-20
911483364,301848882061,2018-06-04,2,7500.0,30.0,30,2018-07-04,2018-07-04
019473702,302720343818,2018-11-07,1,7500.0,30.0,30,2018-12-07,2018-12-13
002203003,302861956,2018-03-02,5,7500.0,30.0,30,2018-04-01,2018-04-04
381384451,302607397,2018-01-08,4,7500.0,30.0,30,2018-02-07,2018-02-03
716287475,301769022628,2018-05-19,1,7500.0,30.0,30,2018-06-18,2018-07-06
116001017,302749298,2018-02-08,2,7500.0,30.0,30,2018-03-10,2018-04-11
149464877,302827044,2018-02-23,1,7500.0,30.0,30,2018-03-25,2018-03-23
159270862,302670010,2018-01-22,1,7500.0,30.0,30,2018-02-21,2018-02-20
733899473,302693597,2018-01-26,2,7500.0,30.0,30,2018-02-25,2018-02-25
085698169,302825894,2018-02-23,1,7500.0,30.0,30,2018-03-25,2018-04-04
150105352,302703342,2018-01-28,2,7500.0,30.0,30,2018-02-27,2018-03-03
049670377,302808358,2018-02-20,2,7500.0,30.0,30,2018-03-22,2018-03-19
105532494,302601895,2018-01-07,1,7500.0,30.0,30,2018-02-06,2018-01-26
402604116,302817370181,2018-11-24,3,7500.0,30.0,30,2018-12-24,2018-12-25
959804780,301957128345,2018-06-25,2,7500.0,30.0,30,2018-07-25,2018-08-03
644794832,301959558016,2018-06-26,1,7500.0,30.0,30,2018-07-26,2018-08-28
800080227,302626823092,2018-10-23,23,7500.0,30.0,30,2018-11-22,2018-11-22
381402077,302790467,2018-02-16,6,7500.0,30.0,30,2018-03-18,2018-03-18
060681102,302607004,2018-01-08,1,7500.0,30.0,30,2018-02-08,2018-02-17
563994804,302739772352,2018-11-10,1,7500.0,30.0,30,2018-12-10,2018-12-12
613888989,302843545,2018-02-27,1,7500.0,30.0,30,2018-03-29,2018-05-09
752427970,302681910,2018-01-24,1,7500.0,30.0,30,2018-02-23,2018-03-15
133530919,302951000,2018-03-21,3,7500.0,30.0,30,2018-04-20,2018-05-17
057109870,302584150,2018-01-02,1,7500.0,30.0,30,2018-02-01,2018-02-01
384037608,303004216,2018-04-01,5,7500.0,30.0,30,2018-05-02,2018-06-05
111663610,302711761,2018-01-30,1,7500.0,30.0,30,2018-03-01,2018-02-26
566333164,302827022,2018-02-23,1,7500.0,30.0,30,2018-03-25,2018-04-30
925690801,301761523783,2018-05-17,1,7500.0,30.0,30,2018-06-18,2018-07-26
885864900,302147289058,2018-08-02,3,7500.0,30.0,30,2018-09-01,2018-12-18
756188375,302407053519,2018-09-16,3,7500.0,30.0,30,2018-10-16,2018-09-20
788683561,303008388,2018-04-03,3,7500.0,30.0,30,2018-05-03,2018-04-04
613011211,302638281,2018-01-15,1,7500.0,30.0,30,2018-02-14,2018-02-13
485094186,302567435369,2018-10-13,1,7500.0,30.0,30,2018-11-12,2018-11-12
178769260,302769628,2018-02-12,1,7500.0,30.0,30,2018-03-14,2018-03-06
548830801,302580542,2018-01-01,1,7500.0,30.0,30,2018-01-31,2018-01-31
736684455,302940511,2018-03-18,2,7500.0,30.0,30,2018-04-17,2018-04-16
911694676,302713440,2018-01-31,1,7500.0,30.0,30,2018-03-02,2018-03-02
709401660,303160998,2018-05-03,2,7500.0,30.0,30,2018-06-04,2018-06-04
333723306,302879718747,2018-12-05,4,7500.0,30.0,30,2019-01-04,2019-01-03
058921348,302906874,2018-03-11,2,7500.0,30.0,30,2018-04-10,2018-04-13
923659303,302857571997,2018-12-01,1,7500.0,30.0,30,2018-12-31,2018-12-05
010585622,303182165,2018-05-07,3,7500.0,30.0,30,2018-06-06,2018-06-04
971803336,302331706266,2018-09-04,2,7500.0,30.0,30,2018-10-04,2018-12-25
667797821,302700534812,2018-11-04,1,7500.0,30.0,30,2018-12-04,2018-12-12
865136560,302143547817,2018-08-01,1,7500.0,30.0,30,2018-08-31,2018-08-18
790352380,302629868,2018-01-13,1,7500.0,30.0,30,2018-02-13,2018-02-04
806778707,302772987,2018-02-13,1,7500.0,30.0,30,2018-03-15,2018-03-20
694548846,302115822290,2018-07-27,3,7500.0,30.0,30,2018-08-26,2018-09-18
831586836,302694544907,2018-11-03,2,7500.0,30.0,30,2018-12-03,2018-11-27
310392593,302920816,2018-03-14,1,7500.0,30.0,30,2018-04-14,2018-04-04
724637213,302422879778,2018-09-19,1,7500.0,30.0,30,2018-10-19,2018-10-15
304570860,302610894,2018-01-09,1,7500.0,30.0,30,2018-02-08,2018-01-29
940148150,302944665,2018-03-19,3,7500.0,30.0,30,2018-04-18,2018-04-13
370421949,303019285,2018-04-05,3,7500.0,30.0,30,2018-05-05,2018-04-28
862678552,302275062825,2018-08-25,1,7500.0,30.0,30,2018-09-24,2018-09-09
925833460,302021516124,2018-07-09,1,7500.0,30.0,30,2018-08-08,2018-08-08
732974545,301719560931,2018-05-10,4,7500.0,30.0,30,2018-06-11,2018-06-11
775029702,302494658097,2018-10-01,2,7500.0,30.0,30,2018-10-31,2018-10-31
296935050,302615571,2018-01-10,1,7500.0,30.0,30,2018-02-09,2018-02-06
052142085,302711247733,2018-11-06,1,7500.0,30.0,30,2018-12-06,2018-12-03
855736465,301910123141,2018-06-15,1,7500.0,30.0,30,2018-07-16,2018-07-16
043896769,302527455477,2018-10-06,2,7500.0,30.0,30,2018-11-05,2018-10-23
300885033,302754669,2018-02-09,1,7500.0,30.0,30,2018-03-11,2018-03-11
048709465,302597744,2018-01-06,4,7500.0,30.0,30,2018-02-05,2018-02-03
916844006,302944076,2018-03-19,1,7500.0,30.0,30,2018-04-18,2018-04-30
296666926,302139479530,2018-08-01,1,7500.0,30.0,30,2018-08-31,2018-08-27
752913938,302644950,2018-01-17,1,7500.0,30.0,30,2018-02-16,2018-02-08
154789461,302511899883,2018-10-04,1,7500.0,30.0,30,2018-11-03,2018-10-05
733225958,302492546329,2018-10-01,1,7500.0,30.0,30,2018-10-31,2018-11-01
996427843,302635195,2018-01-15,2,7500.0,30.0,30,2018-02-14,2018-02-14
397692566,302847656,2018-02-27,2,7500.0,30.0,30,2018-03-29,2018-03-29
644365254,302779272,2018-02-14,1,7500.0,30.0,30,2018-03-19,2018-07-15
681856915,302794814,2018-02-17,2,7500.0,30.0,30,2018-03-19,2018-03-15
647746196,302892853,2018-03-08,2,7500.0,30.0,30,2018-04-07,2018-04-07
251882608,302346742978,2018-09-06,1,7500.0,30.0,30,2018-10-06,2018-10-06
633866506,302930178,2018-03-16,2,7500.0,30.0,30,2018-04-15,2018-06-20
431417489,302767211882,2018-11-15,1,7500.0,30.0,30,2018-12-15,2018-12-15
235238750,303001006,2018-03-31,3,7500.0,30.0,30,2018-04-30,2018-04-27
643459349,302920282,2018-03-14,4,7500.0,30.0,30,2018-04-13,2018-03-28
671400534,302762346,2018-02-10,3,7500.0,30.0,30,2018-03-12,2018-03-02
216431638,302638767,2018-01-15,2,7500.0,30.0,30,2018-02-15,2018-02-26
335476158,302580485,2018-01-01,1,7500.0,30.0,30,2018-02-01,2018-01-29
706319430,302924051,2018-03-15,2,7500.0,30.0,30,2018-04-14,2018-04-04
993925098,302898900,2018-03-09,2,7500.0,30.0,30,2018-04-08,2018-05-12
639764118,302734314,2018-02-04,1,7500.0,30.0,30,2018-03-06,2018-02-13
866299704,302783772,2018-02-15,1,7500.0,30.0,30,2018-03-17,2018-03-22
300906418,302855254,2018-03-01,1,7500.0,30.0,30,2018-03-31,2018-04-03
181225443,302594532892,2018-10-17,1,7500.0,30.0,30,2018-11-16,2018-11-09
025477324,302848736,2018-02-28,1,7500.0,30.0,30,2018-03-31,2018-03-31
892337050,302744706,2018-02-07,1,7500.0,30.0,30,2018-03-09,2018-03-01
410148533,302721797,2018-02-01,1,7500.0,30.0,30,2018-03-03,2018-03-03
152687572,302902930,2018-03-10,2,7500.0,30.0,30,2018-04-09,2018-03-26
581161620,302640439,2018-01-16,1,7500.0,30.0,30,2018-02-15,2018-01-29
077878173,302035219288,2018-07-12,2,7500.0,30.0,30,2018-08-13,2018-08-20
295510220,301860593316,2018-06-06,2,7500.0,30.0,30,2018-07-06,2018-07-02
977962940,302752039646,2018-11-13,1,7500.0,30.0,30,2018-12-13,2018-12-12
774279040,302394659351,2018-09-14,1,7500.0,30.0,30,2018-10-14,2018-10-22
928681165,302709408,2018-01-30,1,7500.0,30.0,30,2018-03-01,2018-03-23
774901377,302668894,2018-01-22,1,7500.0,30.0,30,2018-02-21,2018-06-16
816427534,302232823142,2018-08-18,12,7500.0,30.0,30,2018-09-17,2018-09-16
285646329,302698941,2018-01-27,1,7500.0,30.0,30,2018-02-26,2018-02-28
038656199,302143646709,2018-08-01,3,7500.0,30.0,30,2018-08-31,2018-08-20
352943986,302845919758,2018-11-29,2,7500.0,30.0,30,2018-12-29,2019-01-16
523757445,302708092,2018-01-29,1,7500.0,30.0,30,2018-03-02,2018-03-02
387380876,302133021242,2018-07-31,3,7500.0,30.0,30,2018-08-30,2018-08-03
390794866,302929329,2018-03-16,2,7500.0,30.0,30,2018-04-15,2018-03-21
497107832,302721151372,2018-11-07,1,7500.0,30.0,30,2018-12-07,2018-12-05
659689787,302638290,2018-01-15,1,7500.0,30.0,30,2018-02-15,2018-02-10
106105286,302705591,2018-01-29,1,7500.0,30.0,30,2018-03-01,2018-03-05
386250820,303095149,2018-04-20,4,7500.0,30.0,30,2018-05-20,2018-05-19
167464914,302586161,2018-01-03,1,7500.0,30.0,30,2018-02-02,2018-03-26
002907613,302171731688,2018-08-07,1,7500.0,30.0,30,2018-09-06,2018-09-03
295620961,302709684,2018-01-30,1,7500.0,30.0,30,2018-03-01,2018-02-28
720363977,302530071249,2018-10-07,7,7500.0,30.0,30,2018-11-06,2018-10-29
073401142,301847132956,2018-06-04,2,7500.0,30.0,30,2018-07-04,2018-07-03
863794966,302814392,2018-02-21,1,7500.0,30.0,30,2018-03-23,2018-05-09
341471194,301724515411,2018-05-11,6,7500.0,30.0,30,2018-06-11,2018-05-31
251418885,302808090308,2018-11-22,2,15000.0,15.0,60,2019-01-22,2018-12-22
105426650,302807066,2018-02-20,2,7500.0,30.0,30,2018-03-22,2018-04-22
159731561,302926087,2018-03-15,2,7500.0,30.0,30,2018-04-14,2018-04-14
837402524,302896045950,2018-12-08,2,7500.0,30.0,30,2019-01-07,2018-12-11
036979144,302634044,2018-01-15,1,7500.0,30.0,30,2018-02-14,2018-02-16
658048579,302745134,2018-02-07,1,7500.0,30.0,30,2018-03-09,2018-03-08
375003450,302064465273,2018-07-17,1,7500.0,30.0,30,2018-08-16,2018-08-15
787205753,302879062,2018-03-05,4,7500.0,30.0,30,2018-04-04,2018-03-30
662168557,302650272,2018-01-18,1,7500.0,30.0,30,2018-02-17,2018-02-17
804330064,302175007251,2018-08-07,2,7500.0,30.0,30,2018-09-06,2018-09-06
159945550,302589833904,2018-10-17,1,7500.0,30.0,30,2018-11-16,2018-12-06
032311940,301993996930,2018-07-03,2,7500.0,30.0,30,2018-08-02,2018-08-06
026980910,302589144,2018-01-04,5,7500.0,30.0,30,2018-02-05,2018-02-01
065950448,302852864,2018-02-28,1,7500.0,30.0,30,2018-03-30,2018-03-30
746272578,302634313103,2018-10-24,2,7500.0,30.0,30,2018-11-23,2018-11-23
966837117,301905943703,2018-06-14,1,7500.0,30.0,30,2018-07-16,2018-07-13
466262330,302846873,2018-02-27,2,7500.0,30.0,30,2018-03-29,2018-04-09
559474076,302678099,2018-01-23,1,7500.0,30.0,30,2018-02-22,2018-02-22
089474693,302703948,2018-01-29,5,7500.0,30.0,30,2018-02-28,2018-02-28
559408231,302677570536,2018-10-31,1,7500.0,30.0,30,2018-11-30,2018-11-29
532921491,302782101,2018-02-14,1,7500.0,30.0,30,2018-03-16,2018-03-15
467371646,302739689,2018-02-06,2,7500.0,30.0,30,2018-03-08,2018-03-08
999072271,302702050019,2018-11-04,1,7500.0,30.0,30,2018-12-04,2018-12-03
155329831,301759635687,2018-05-17,2,7500.0,30.0,30,2018-06-18,2018-06-15
523018039,302645433,2018-01-17,1,7500.0,30.0,30,2018-02-16,2018-01-20
675972114,302748398,2018-02-07,1,7500.0,30.0,30,2018-03-09,2018-03-07
638130575,302280409062,2018-08-27,1,7500.0,30.0,30,2018-09-26,2018-09-26
686558059,301982521136,2018-06-30,2,7500.0,30.0,30,2018-07-30,2018-09-08
912290005,302744019,2018-02-06,1,7500.0,30.0,30,2018-03-08,2018-05-23
519674353,302587355,2018-01-03,3,7500.0,30.0,30,2018-02-02,2018-02-02
550197302,302267830223,2018-08-24,1,7500.0,30.0,30,2018-09-23,2018-09-23
892277770,302866142694,2018-12-03,3,7500.0,30.0,30,2019-01-02,2018-12-22
657637051,302590779,2018-01-04,1,7500.0,30.0,30,2018-02-03,2018-03-13
095603742,302591978,2018-01-04,1,7500.0,30.0,30,2018-02-04,2018-01-31
191115740,302657503,2018-01-19,2,7500.0,30.0,30,2018-02-18,2018-02-22
490283509,303032116,2018-04-07,2,7500.0,30.0,30,2018-05-07,2018-05-07
758179354,302596557,2018-01-05,1,7500.0,30.0,30,2018-02-04,2018-01-30
151876969,302786072,2018-02-15,1,7500.0,30.0,30,2018-03-17,2018-03-21
037218883,302161391055,2018-08-05,1,7500.0,30.0,30,2018-09-04,2018-08-30
251839715,302368523945,2018-09-10,1,7500.0,30.0,30,2018-10-10,2018-10-24
844913508,302849384,2018-02-28,1,7500.0,30.0,30,2018-03-30,2018-03-31
029861970,302101701594,2018-07-24,1,7500.0,30.0,30,2018-08-23,2018-08-22
542575659,302578596,2018-01-01,1,7500.0,30.0,30,2018-01-31,2018-01-03
983019636,303000463,2018-03-31,2,7500.0,30.0,30,2018-04-30,2018-04-04
736502825,302256779051,2018-08-23,2,7500.0,30.0,30,2018-09-22,2018-09-22
705587230,302712014819,2018-11-06,2,7500.0,30.0,30,2018-12-06,2018-12-03
068296451,303008698,2018-04-03,2,7500.0,30.0,30,2018-05-03,2018-05-08
139420975,302863390,2018-03-02,1,7500.0,30.0,30,2018-04-01,2018-10-08
359317700,302729561,2018-02-03,1,7500.0,30.0,30,2018-03-05,2018-03-05
031947410,301822930431,2018-05-30,2,7500.0,30.0,30,2018-06-29,2018-09-25
413179947,302633278,2018-01-14,1,7500.0,30.0,30,2018-02-13,2018-01-31
579986988,302879620,2018-03-05,2,7500.0,30.0,30,2018-04-04,2018-03-30
749085876,301884588348,2018-06-11,4,7500.0,30.0,30,2018-07-11,2018-09-01
864423882,302708255,2018-01-29,1,7500.0,30.0,30,2018-03-01,2018-02-27
049163426,302779934,2018-02-14,1,7500.0,30.0,30,2018-03-16,2018-05-09
795005129,302613696,2018-01-09,1,7500.0,30.0,30,2018-02-08,2018-01-15
078021788,302916911,2018-03-13,2,7500.0,30.0,30,2018-04-12,2018-04-14
499316650,303170697,2018-05-04,2,7500.0,30.0,30,2018-06-04,2018-06-04
708286575,301913226876,2018-06-15,1,7500.0,30.0,30,2018-07-16,2018-07-14
390134460,302765580,2018-02-11,5,7500.0,30.0,30,2018-03-13,2018-03-10
767579830,302671489,2018-01-22,4,7500.0,30.0,30,2018-02-21,2018-02-21
166319502,302303049493,2018-08-30,3,7500.0,30.0,30,2018-09-29,2018-10-03
995480572,302904418,2018-03-10,4,7500.0,30.0,30,2018-04-09,2018-04-03
587493671,302525568184,2018-10-06,1,7500.0,30.0,30,2018-11-05,2018-11-08
242797344,302804344,2018-02-19,1,7500.0,30.0,30,2018-03-21,2018-03-22
804155857,301780502854,2018-05-21,2,7500.0,30.0,30,2018-06-20,2018-06-16
122661501,302817413,2018-02-22,1,7500.0,30.0,30,2018-03-24,2018-03-24
826407015,302353101661,2018-09-07,12,7500.0,30.0,30,2018-10-07,2018-10-18
178677453,302791534,2018-02-16,3,7500.0,30.0,30,2018-03-18,2018-03-08
442398400,302715098,2018-01-31,1,7500.0,30.0,30,2018-03-02,2018-03-02
164293607,302556295655,2018-10-11,1,7500.0,30.0,30,2018-11-10,2018-10-18
920806253,302471845612,2018-09-27,1,7500.0,30.0,30,2018-10-27,2018-11-09
729934026,301795211670,2018-05-24,1,7500.0,30.0,30,2018-06-25,2018-07-05
848049110,301962174568,2018-06-26,1,7500.0,30.0,30,2018-07-26,2018-07-27
891738385,302372491939,2018-09-11,1,7500.0,30.0,30,2018-10-11,2018-10-11
413065560,302922270,2018-03-14,1,7500.0,30.0,30,2018-04-13,2018-04-09
121586610,302178919277,2018-08-08,3,7500.0,30.0,30,2018-09-07,2018-09-27
368603964,302738935,2018-02-05,5,7500.0,30.0,30,2018-03-07,2018-03-02
772703709,302607889,2018-01-08,2,7500.0,30.0,30,2018-02-07,2018-02-06
737919983,302713704717,2018-11-06,4,7500.0,30.0,30,2018-12-06,2018-11-16
482610334,302370502585,2018-09-10,1,7500.0,30.0,30,2018-10-10,2018-11-12
879430322,302643631,2018-01-16,1,7500.0,30.0,30,2018-02-15,2018-02-09
492954954,303201761,2018-05-09,1,7500.0,30.0,30,2018-06-08,2018-07-25
859200358,302701019,2018-01-28,3,7500.0,30.0,30,2018-02-27,2018-03-07
631264575,302600338,2018-01-06,1,7500.0,30.0,30,2018-02-05,2018-04-29
738664536,303004277,2018-04-01,1,7500.0,30.0,30,2018-05-03,2018-06-06
714415706,302895511239,2018-12-07,4,15000.0,15.0,60,2019-02-06,2019-01-09
745141607,302227740886,2018-08-17,1,7500.0,30.0,30,2018-09-16,2018-10-16
030829438,302649032,2018-01-17,3,7500.0,30.0,30,2018-02-16,2018-02-16
747739008,302752103,2018-02-08,1,7500.0,30.0,30,2018-03-13,2018-03-13
012739639,301845465315,2018-06-03,5,7500.0,30.0,30,2018-07-03,2018-07-02
112612912,302707674,2018-01-29,3,7500.0,30.0,30,2018-02-28,2018-02-10
570857620,302918637,2018-03-14,2,7500.0,30.0,30,2018-04-13,2018-04-13
237077059,302447948799,2018-09-23,2,7500.0,30.0,30,2018-10-23,2018-10-23
981768947,301943354289,2018-06-22,2,7500.0,30.0,30,2018-07-23,2018-07-07
950533500,302651153,2018-01-18,2,7500.0,30.0,30,2018-02-17,2018-02-17
391025217,302607817,2018-01-08,1,7500.0,30.0,30,2018-02-08,2018-02-09
712496621,302515996811,2018-10-04,1,7500.0,30.0,30,2018-11-03,2018-10-17
189301655,302565959911,2018-10-13,2,7500.0,30.0,30,2018-11-12,2018-11-20
774788130,303200438,2018-05-09,6,7500.0,30.0,30,2018-06-08,2018-05-30
874756930,302885631,2018-03-07,2,7500.0,30.0,30,2018-04-06,2018-04-17
706415844,302867467601,2018-12-03,7,7500.0,30.0,30,2019-01-02,2018-12-30
620183677,302591220,2018-01-04,2,7500.0,30.0,30,2018-02-03,2018-02-03
351491824,302607848,2018-01-08,1,7500.0,30.0,30,2018-02-09,2018-05-09
913548727,302710986,2018-01-30,1,7500.0,30.0,30,2018-03-01,2018-02-19
238919660,302923409,2018-03-14,3,7500.0,30.0,30,2018-04-14,2018-04-13
671136860,302826707789,2018-11-26,2,7500.0,30.0,30,2018-12-27,2018-12-19
576830620,302856088,2018-03-01,3,7500.0,30.0,30,2018-03-31,2018-07-12
764722086,302931308,2018-03-16,2,7500.0,30.0,30,2018-04-15,2018-04-10
586613101,302585527,2018-01-03,3,7500.0,30.0,30,2018-02-02,2018-02-04
242227643,301880401914,2018-06-10,2,7500.0,30.0,30,2018-07-10,2018-07-12
078093608,302729421934,2018-11-09,2,7500.0,30.0,30,2018-12-09,2018-11-30
063243799,302605265,2018-01-08,2,7500.0,30.0,30,2018-02-07,2018-02-06
704294322,302631540,2018-01-14,1,7500.0,30.0,30,2018-02-13,2018-02-05
144227648,302582780,2018-01-02,2,7500.0,30.0,30,2018-02-01,2018-02-02
964510149,302636726,2018-01-15,2,7500.0,30.0,30,2018-02-14,2018-01-20
251997198,302772445,2018-02-13,1,7500.0,30.0,30,2018-03-15,2018-03-14
899011279,302585439,2018-01-03,3,7500.0,30.0,30,2018-02-02,2018-10-12
648637210,302788322114,2018-11-19,1,7500.0,30.0,30,2018-12-19,2018-12-17
464788691,302683579,2018-01-24,1,7500.0,30.0,30,2018-02-24,2018-02-11
